%Vec Object: err 1 MPI processes
%  type: seq
err = [
0.0000000000000000e+00
0.0000000000000000e+00
0.0000000000000000e+00
0.0000000000000000e+00
0.0000000000000000e+00
0.0000000000000000e+00
0.0000000000000000e+00
0.0000000000000000e+00
0.0000000000000000e+00
0.0000000000000000e+00
0.0000000000000000e+00
0.0000000000000000e+00
0.0000000000000000e+00
0.0000000000000000e+00
-1.0069686130121329e+00
-1.0175126911292334e+00
-1.0353320766090548e+00
-1.0608047071283220e+00
-1.0944782632236625e+00
-1.1370898350237686e+00
-1.1895928564107603e+00
-1.2531926867829351e+00
-1.3293927010781263e+00
-1.4200533544227425e+00
-1.5274674631415870e+00
0.0000000000000000e+00
0.0000000000000000e+00
-1.0175126911292334e+00
-1.0281671774377144e+00
-1.0461731516453969e+00
-1.0719125088556178e+00
-1.1059386644276072e+00
-1.1489964266411450e+00
-1.2020492128884657e+00
-1.2663150040175231e+00
-1.3433129169690086e+00
-1.4349228878977682e+00
-1.5434617414582839e+00
0.0000000000000000e+00
0.0000000000000000e+00
-1.0353320766090548e+00
-1.0461731516453969e+00
-1.0644944589178593e+00
-1.0906845815407680e+00
-1.1253066266656049e+00
-1.1691184461695043e+00
-1.2231003294759195e+00
-1.2884915875551961e+00
-1.3668379411737963e+00
-1.4600522492277894e+00
-1.5704919102062316e+00
0.0000000000000000e+00
0.0000000000000000e+00
-1.0608047071283220e+00
-1.0719125088556178e+00
-1.0906845815407680e+00
-1.1175190687418637e+00
-1.1529929319289542e+00
-1.1978826686690847e+00
-1.2531926867829351e+00
-1.3201927884341202e+00
-1.4004667242877797e+00
-1.4959744159641031e+00
-1.6091312618364886e+00
0.0000000000000000e+00
0.0000000000000000e+00
-1.0944782632236625e+00
-1.1059386644276072e+00
-1.1253066266656049e+00
-1.1529929319289542e+00
-1.1895928564107603e+00
-1.2359075463567601e+00
-1.2929732929143811e+00
-1.3621002060947611e+00
-1.4449223102057800e+00
-1.5434617414582839e+00
-1.6602105712005095e+00
0.0000000000000000e+00
0.0000000000000000e+00
-1.1370898350237686e+00
-1.1489964266411450e+00
-1.1691184461695043e+00
-1.1978826686690847e+00
-1.2359075463567601e+00
-1.2840254166877414e+00
-1.3433129169690083e+00
-1.4151311640235118e+00
-1.5011778000001228e+00
-1.6035536893998996e+00
-1.7248479279531566e+00
0.0000000000000000e+00
0.0000000000000000e+00
-1.1895928564107603e+00
-1.2020492128884657e+00
-1.2231003294759195e+00
-1.2531926867829351e+00
-1.2929732929143811e+00
-1.3433129169690083e+00
-1.4053379079914388e+00
-1.4804722298580963e+00
-1.5704919102062316e+00
-1.6775948170720965e+00
-1.8044895928957860e+00
0.0000000000000000e+00
0.0000000000000000e+00
-1.2531926867829351e+00
-1.2663150040175231e+00
-1.2884915875551961e+00
-1.3201927884341202e+00
-1.3621002060947611e+00
-1.4151311640235118e+00
-1.4804722298580963e+00
-1.5596234976067807e+00
-1.6544559476092102e+00
-1.7672849536797965e+00
-1.9009639718381719e+00
0.0000000000000000e+00
0.0000000000000000e+00
-1.3293927010781263e+00
-1.3433129169690086e+00
-1.3668379411737963e+00
-1.4004667242877797e+00
-1.4449223102057800e+00
-1.5011778000001228e+00
-1.5704919102062316e+00
-1.6544559476092102e+00
-1.7550546569602985e+00
-1.8747441977005865e+00
-2.0165515294072835e+00
0.0000000000000000e+00
0.0000000000000000e+00
-1.4200533544227425e+00
-1.4349228878977682e+00
-1.4600522492277894e+00
-1.4959744159641031e+00
-1.5434617414582839e+00
-1.6035536893998996e+00
-1.6775948170720965e+00
-1.7672849536797965e+00
-1.8747441977005865e+00
-2.0025962113905393e+00
-2.1540743840241943e+00
0.0000000000000000e+00
0.0000000000000000e+00
-1.5274674631415870e+00
-1.5434617414582839e+00
-1.5704919102062316e+00
-1.6091312618364886e+00
-1.6602105712005095e+00
-1.7248479279531566e+00
-1.8044895928957860e+00
-1.9009639718381719e+00
-2.0165515294072835e+00
-2.1540743840241943e+00
-2.3170105014267048e+00
0.0000000000000000e+00
0.0000000000000000e+00
0.0000000000000000e+00
0.0000000000000000e+00
0.0000000000000000e+00
0.0000000000000000e+00
0.0000000000000000e+00
0.0000000000000000e+00
0.0000000000000000e+00
0.0000000000000000e+00
0.0000000000000000e+00
0.0000000000000000e+00
0.0000000000000000e+00
0.0000000000000000e+00
];
