%Vec Object: u 1 MPI processes
%  type: seq
u = [
1.0000000000000000e+00
1.0571277447602365e+00
1.2488488690016821e+00
1.6487212707001282e+00
1.0571277447602365e+00
-6.8259894396707324e+01
-9.1967896373759046e+01
1.7429089986334578e+00
1.2488488690016821e+00
-9.1967896373759046e+01
-1.3071287892008451e+02
2.0590036942128713e+00
1.6487212707001282e+00
1.7429089986334578e+00
2.0590036942128713e+00
2.7182818284590451e+00
];
