%Vec Object: u_exact 1 MPI processes
%  type: seq
u_exact = [
1.0000000000000000e+00
1.0008684324248192e+00
1.0034782573689043e+00
1.0078430972064480e+00
1.0139857875915788e+00
1.0219385766896163e+00
1.0317434074991028e+00
1.0434522867268534e+00
1.0571277447602365e+00
1.0728433924348775e+00
1.0906845815407680e+00
1.1107491773659048e+00
1.1331484530668263e+00
1.1580081173051529e+00
1.1854694884270276e+00
1.2156908305205474e+00
1.2488488690016821e+00
1.2851405059938852e+00
1.3247847587288655e+00
1.3680249475613848e+00
1.4151311640235116e+00
1.4664030537175992e+00
1.5221729538481179e+00
1.5828094309199192e+00
1.6487212707001282e+00
1.0008684324248192e+00
1.0017376190245151e+00
1.0043497104252046e+00
1.0087183408311924e+00
1.0148663657278292e+00
1.0228260612857871e+00
1.0326394069282685e+00
1.0443584545263986e+00
1.0580457887709622e+00
1.0737750844236209e+00
1.0916317673966285e+00
1.1117137879673706e+00
1.1341325159256033e+00
1.1590137691024247e+00
1.1864989885694117e+00
1.2167465758563270e+00
1.2499334098532220e+00
1.2862565636797390e+00
1.3259352447692521e+00
1.3692129847838088e+00
1.4163601098117220e+00
1.4676765256773014e+00
1.5234948581974226e+00
1.5841839939520399e+00
1.6501530737110934e+00
1.0034782573689043e+00
1.0043497104252046e+00
1.0069686130121329e+00
1.0113486348860057e+00
1.0175126911292334e+00
1.0254931420745546e+00
1.0353320766090548e+00
1.0470816823322611e+00
1.0608047071283220e+00
1.0765750178702944e+00
1.0944782632236625e+00
1.1146126488770822e+00
1.1370898350237686e+00
1.1620359675724206e+00
1.1895928564107603e+00
1.2199193161101149e+00
1.2531926867829351e+00
1.2896105554289359e+00
1.3293927010781263e+00
1.3727832904160850e+00
1.4200533544227425e+00
1.4715035809449761e+00
1.5274674631415870e+00
1.5883148494865877e+00
1.6544559476092102e+00
1.0078430972064480e+00
1.0087183408311924e+00
1.0113486348860057e+00
1.0157477085866857e+00
1.0219385766896163e+00
1.0299537402856120e+00
1.0398354713362301e+00
1.0516361844419424e+00
1.0654189004220240e+00
1.0812578074490395e+00
1.0992389267353664e+00
1.1194608911359678e+00
1.1420358465335656e+00
1.1670904875350330e+00
1.1947672408600389e+00
1.2252256118773075e+00
1.2586437120774250e+00
1.2952199879063389e+00
1.3351751743691969e+00
1.3787545002059547e+00
1.4262301753028219e+00
1.4779041954117385e+00
1.5341115042901747e+00
1.5952235591459067e+00
1.6616523518925677e+00
1.0139857875915788e+00
1.0148663657278292e+00
1.0175126911292334e+00
1.0219385766896163e+00
1.0281671774377144e+00
1.0362311925548375e+00
1.0461731516453969e+00
1.0580457887709622e+00
1.0719125088556178e+00
1.0878479522405005e+00
1.1059386644276072e+00
1.1262838794280654e+00
1.1489964266411450e+00
1.1742037728631070e+00
1.2020492128884657e+00
1.2326932242532378e+00
1.2663150040175231e+00
1.3031142081360498e+00
1.3433129169690086e+00
1.3871578538979592e+00
1.4349228878977682e+00
1.4869118553505360e+00
1.5434617414582839e+00
1.6049462674187129e+00
1.6717799361898580e+00
1.0219385766896163e+00
1.0228260612857871e+00
1.0254931420745546e+00
1.0299537402856120e+00
1.0362311925548375e+00
1.0443584545263986e+00
1.0543783893685277e+00
1.0663441447411659e+00
1.0803196228593801e+00
1.0963800494757581e+00
1.1146126488770822e+00
1.1351174333764749e+00
1.1580081173051529e+00
1.1834131671938501e+00
1.2114770017120842e+00
1.2423613570367857e+00
1.2762468356880161e+00
1.3133346595415643e+00
1.3538486507554737e+00
1.3980374677867686e+00
1.4461771275913073e+00
1.4985738495694703e+00
1.5555672619309746e+00
1.6175340170052037e+00
1.6848918687371843e+00
1.0317434074991028e+00
1.0326394069282685e+00
1.0353320766090548e+00
1.0398354713362301e+00
1.0461731516453969e+00
1.0543783893685277e+00
1.0644944589178593e+00
1.0765750178702944e+00
1.0906845815407680e+00
1.1068990974236574e+00
1.1253066266656049e+00
1.1460081411323237e+00
1.1691184461695043e+00
1.1947672408600392e+00
1.2231003294759195e+00
1.2542809999466837e+00
1.2884915875551961e+00
1.3259352447692521e+00
1.3668379411737963e+00
1.4114507209407645e+00
1.4600522492277894e+00
1.5129516834096854e+00
1.5704919102062316e+00
1.6330531956790331e+00
1.7010573018484008e+00
1.0434522867268534e+00
1.0443584545263986e+00
1.0470816823322611e+00
1.0516361844419424e+00
1.0580457887709622e+00
1.0663441447411659e+00
1.0765750178702944e+00
1.0887926746754992e+00
1.1030623626324700e+00
1.1194608911359678e+00
1.1380773207064354e+00
1.1590137691024247e+00
1.1823863445535763e+00
1.2083262180503200e+00
1.2369808485440950e+00
1.2685153770595328e+00
1.3031142081360498e+00
1.3409827997446249e+00
1.3823496859165174e+00
1.4274687598323106e+00
1.4766218491187670e+00
1.5301216196648695e+00
1.5883148494865877e+00
1.6515861201462192e+00
1.7203619800872521e+00
1.0571277447602365e+00
1.0580457887709622e+00
1.0608047071283220e+00
1.0654189004220240e+00
1.0719125088556178e+00
1.0803196228593801e+00
1.0906845815407680e+00
1.1030623626324700e+00
1.1175190687418637e+00
1.1341325159256033e+00
1.1529929319289542e+00
1.1742037728631070e+00
1.1978826686690847e+00
1.2241625094608437e+00
1.2531926867829351e+00
1.2851405059938852e+00
1.3201927884341202e+00
1.3585576848013450e+00
1.4004667242877797e+00
1.4461771275913073e+00
1.4959744159641031e+00
1.5501753530860094e+00
1.6091312618364886e+00
1.6732317640936076e+00
1.7429089986334578e+00
1.0728433924348775e+00
1.0737750844236209e+00
1.0765750178702944e+00
1.0812578074490395e+00
1.0878479522405005e+00
1.0963800494757581e+00
1.1068990974236574e+00
1.1194608911359678e+00
1.1341325159256033e+00
1.1509929446911764e+00
1.1701337465366122e+00
1.1916599155894867e+00
1.2156908305205474e+00
1.2423613570367857e+00
1.2718231075920912e+00
1.3042458747676378e+00
1.3398192572582246e+00
1.3787545002059547e+00
1.4212865748006966e+00
1.4676765256773014e+00
1.5182141187513012e+00
1.5732208268272529e+00
1.6330531956790331e+00
1.6981066394460440e+00
1.7688197212374674e+00
1.0906845815407680e+00
1.0916317673966285e+00
1.0944782632236625e+00
1.0992389267353664e+00
1.1059386644276072e+00
1.1146126488770822e+00
1.1253066266656049e+00
1.1380773207064354e+00
1.1529929319289542e+00
1.1701337465366122e+00
1.1895928564107603e+00
1.2114770017120842e+00
1.2359075463567601e+00
1.2630215988437834e+00
1.2929732929143811e+00
1.3259352447692521e+00
1.3621002060947611e+00
1.4016829350010314e+00
1.4449223102057800e+00
1.4920837174683201e+00
1.5434617414582839e+00
1.5993832010140840e+00
1.6602105712005095e+00
1.7263458418216733e+00
1.7982348692109327e+00
1.1107491773659048e+00
1.1117137879673706e+00
1.1146126488770822e+00
1.1194608911359678e+00
1.1262838794280654e+00
1.1351174333764749e+00
1.1460081411323237e+00
1.1590137691024247e+00
1.1742037728631070e+00
1.1916599155894867e+00
1.2114770017120842e+00
1.2337637350190342e+00
1.2586437120774250e+00
1.2862565636797387e+00
1.3167592590627011e+00
1.3503275899319718e+00
1.3871578538979592e+00
1.4274687598323106e+00
1.4715035809449761e+00
1.5195325851198433e+00
1.5718557763039709e+00
1.6288059856036741e+00
1.6907523562954265e+00
1.7581042733212964e+00
1.8313157951358368e+00
1.1331484530668263e+00
1.1341325159256033e+00
1.1370898350237686e+00
1.1420358465335656e+00
1.1489964266411450e+00
1.1580081173051529e+00
1.1691184461695043e+00
1.1823863445535763e+00
1.1978826686690847e+00
1.2156908305205474e+00
1.2359075463567601e+00
1.2586437120774250e+00
1.2840254166877414e+00
1.3121951067631619e+00
1.3433129169690083e+00
1.3775581840118836e+00
1.4151311640235118e+00
1.4562549763404893e+00
1.5011778000001228e+00
1.5501753530860094e+00
1.6035536893998996e+00
1.6616523518925677e+00
1.7248479279531566e+00
1.7935580581464903e+00
1.8682459574322223e+00
1.1580081173051529e+00
1.1590137691024247e+00
1.1620359675724206e+00
1.1670904875350330e+00
1.1742037728631070e+00
1.1834131671938501e+00
1.1947672408600392e+00
1.2083262180503200e+00
1.2241625094608437e+00
1.2423613570367857e+00
1.2630215988437834e+00
1.2862565636797387e+00
1.3121951067631619e+00
1.3409827997446249e+00
1.3727832904160850e+00
1.4077798498762368e+00
1.4461771275913073e+00
1.4882031378185705e+00
1.5341115042901747e+00
1.5841839939520399e+00
