%Vec Object: u 1 MPI processes
%  type: seq
u = [
1.0000000000000000e+00
1.0008684324248192e+00
1.0034782573689043e+00
1.0078430972064480e+00
1.0139857875915788e+00
1.0219385766896163e+00
1.0317434074991028e+00
1.0434522867268534e+00
1.0571277447602365e+00
1.0728433924348775e+00
1.0906845815407680e+00
1.1107491773659048e+00
1.1331484530668263e+00
1.1580081173051529e+00
1.1854694884270276e+00
1.2156908305205474e+00
1.2488488690016821e+00
1.2851405059938852e+00
1.3247847587288655e+00
1.3680249475613848e+00
1.4151311640235116e+00
1.4664030537175992e+00
1.5221729538481179e+00
1.5828094309199192e+00
1.6487212707001282e+00
1.0008684324248192e+00
1.0020983125803182e+00
1.0049714124673870e+00
1.0095405839399376e+00
1.0158471417857060e+00
1.0239331559112244e+00
1.0338463445132406e+00
1.0456423222881930e+00
1.0593859130900007e+00
1.0751521355124154e+00
1.0930270992350903e+00
1.1131089191975063e+00
1.1355087053592501e+00
1.1603516669293539e+00
1.1877783642676687e+00
1.2179461434311645e+00
1.2510307966110661e+00
1.2872285089550064e+00
1.3267581861344577e+00
1.3698643273505791e+00
1.4168207704726967e+00
1.4679360654769280e+00
1.5235626029910672e+00
1.5841172243743331e+00
1.6501530737110934e+00
1.0034782573689043e+00
1.0049714124673967e+00
1.0080763097614069e+00
1.0128436708429140e+00
1.0193202804471566e+00
1.0275536238195928e+00
1.0375955273499033e+00
1.0495045266716951e+00
1.0633474590705199e+00
1.0792006703196091e+00
1.0971510634226884e+00
1.1172971177606077e+00
1.1397499568245197e+00
1.1646345198491466e+00
1.1920908853643188e+00
1.2222757981689834e+00
1.2553644655423124e+00
1.2915527186297164e+00
1.3310596944105797e+00
1.3741313159526174e+00
1.4210451215988291e+00
1.4721176723840390e+00
1.5277176917622688e+00
1.5882944593608757e+00
1.6544559476092102e+00
1.0078430972064480e+00
1.0095405839399414e+00
1.0128436708429147e+00
1.0177957110128970e+00
1.0244424608952531e+00
1.0328328720499143e+00
1.0430207854266984e+00
1.0550665781663628e+00
1.0690385543298109e+00
1.0850141317020778e+00
1.1030809236996317e+00
1.1233378028074157e+00
1.1458960135268847e+00
1.1708803916685016e+00
1.1984307448446669e+00
1.2287034568109658e+00
1.2618733985651556e+00
1.2981362691602538e+00
1.3377115659208414e+00
1.3808465361939766e+00
1.4278217859750060e+00
1.4789599639390225e+00
1.5346408100662789e+00
1.5953310108083376e+00
1.6616523518925677e+00
1.0139857875915788e+00
1.0158471417857067e+00
1.0193202804471564e+00
1.0244424608952525e+00
1.0312565839798333e+00
1.0398109330497518e+00
1.0501597701464964e+00
1.0623642877470685e+00
1.0764936436219026e+00
1.0926259888547749e+00
1.1108494895205694e+00
1.1312633762353175e+00
1.1539790657926174e+00
1.1791214031401669e+00
1.2068300782799757e+00
1.2372612860302257e+00
1.2705897220744529e+00
1.3070110551701215e+00
1.3467451005293276e+00
1.3900400810942950e+00
1.4371786868308372e+00
1.4884873282980278e+00
1.5443515233526963e+00
1.6052439648648573e+00
1.6717799361898580e+00
1.0219385766896163e+00
1.0239331559112237e+00
1.0275536238195913e+00
1.0328328720499123e+00
1.0398109330497500e+00
1.0485346265235751e+00
1.0590577310762923e+00
1.0714415147296970e+00
1.0857554676121994e+00
1.1020781448217949e+00
1.1204980854509377e+00
1.1411148105431241e+00
1.1640399236601779e+00
1.1893983513061239e+00
1.2173297735432760e+00
1.2479903132607955e+00
1.2815545817066401e+00
1.3182182271576555e+00
1.3582012195025113e+00
1.4017522586478168e+00
1.4491549863511446e+00
1.5007372521206039e+00
1.5568858354917323e+00
1.6180713318750060e+00
1.6848918687371843e+00
1.0317434074991028e+00
1.0338463445132389e+00
1.0375955273499000e+00
1.0430207854266940e+00
1.0501597701464922e+00
1.0590577310762888e+00
1.0697675852288089e+00
1.0823502526143971e+00
1.0968751974022830e+00
1.1134211215133218e+00
1.1320767807681260e+00
1.1529419172863331e+00
1.1761283210160174e+00
1.2017610492940174e+00
1.2299798495937637e+00
1.2609408513603098e+00
1.2948186235253174e+00
1.3318087431448695e+00
1.3721311015839470e+00
1.4160343132948219e+00
1.4638018366021421e+00
1.5157608564735026e+00
1.5722957743066244e+00
1.6338694945387635e+00
1.7010573018484008e+00
1.0434522867268534e+00
1.0456423222881897e+00
1.0495045266716891e+00
1.0550665781663544e+00
1.0623642877470594e+00
1.0714415147296885e+00
1.0823502526143913e+00
1.0951508994427614e+00
1.1099127009373768e+00
1.1267143467331824e+00
1.1456447051635439e+00
1.1668036934485158e+00
1.1903032934825539e+00
1.2162687376273824e+00
1.2448399051550780e+00
1.2761729910030837e+00
1.3104425386089400e+00
1.3478439744620188e+00
1.3885968544682457e+00
1.4329491494970628e+00
1.4811830904201992e+00
1.5336234110335905e+00
1.5906493331261897e+00
1.6527123242154209e+00
1.7203619800872521e+00
1.0571277447602365e+00
1.0593859130899961e+00
1.0633474590705105e+00
1.0690385543297976e+00
1.0764936436218873e+00
1.0857554676121830e+00
1.0968751974022684e+00
1.1099127009373673e+00
1.1249369482265286e+00
1.1420265547040198e+00
1.1612704612679985e+00
1.1827687541407299e+00
1.2066336359589001e+00
1.2329905706097775e+00
1.2619796387610192e+00
1.2937571605783538e+00
1.3284976699800959e+00
1.3663963659542109e+00
1.4076722286568806e+00
1.4525720829199975e+00
1.5013760363574493e+00
1.5544049336056427e+00
1.6120307564479561e+00
1.6746911592104698e+00
1.7429089986334578e+00
1.0728433924348775e+00
1.0751521355124083e+00
1.0792006703195949e+00
1.0850141317020578e+00
1.0926259888547505e+00
1.1020781448217678e+00
1.1134211215132950e+00
1.1267143467331591e+00
1.1420265547040054e+00
1.1594363074898368e+00
1.1790326433624203e+00
1.2009158600845005e+00
1.2251984462028260e+00
1.2520061817468535e+00
1.2814794417611710e+00
1.3137747532321471e+00
1.3490666805787022e+00
1.3875501505429879e+00
1.4294433790383794e+00
1.4749916367052429e+00
1.5244721931985872e+00
1.5782009133699928e+00
1.6365411136402495e+00
1.6999152899115793e+00
1.7688197212374674e+00
1.0906845815407680e+00
1.0930270992350801e+00
1.0971510634226684e+00
1.1030809236996031e+00
1.1108494895205334e+00
1.1204980854508966e+00
1.1320767807680827e+00
1.1456447051635021e+00
1.1612704612679638e+00
1.1790326433623985e+00
1.1990204711350849e+00
1.2213345485411118e+00
1.2460877612504555e+00
1.2734063323383344e+00
1.3034310655272052e+00
1.3363188196729450e+00
1.3722442791737313e+00
1.4114021151062577e+00
1.4540096741362352e+00
1.5003103891714840e+00
1.5505781769218170e+00
1.6051231622920132e+00
1.6642991060035142e+00
1.7285127796123325e+00
1.7982348692109327e+00
1.1107491773659048e+00
1.1131089191974928e+00
1.1172971177605808e+00
1.1233378028073766e+00
1.1312633762352675e+00
1.1411148105430651e+00
1.1529419172862683e+00
1.1668036934484491e+00
1.1827687541406671e+00
1.2009158600844481e+00
1.2213345485410796e+00
1.2441258773534019e+00
1.2694032941788582e+00
1.2972936474832528e+00
1.3279383633015456e+00
1.3614948233689865e+00
1.3981379976184838e+00
1.4380624091755687e+00
1.4814845446053253e+00
1.5286458664520701e+00
1.5798166344964049e+00
1.6353007801530342e+00
1.6954420602635212e+00
1.7606315322828558e+00
1.8313157951358368e+00
1.1331484530668263e+00
1.1355087053592319e+00
1.1397499568244844e+00
1.1458960135268328e+00
1.1539790657925499e+00
1.1640399236600969e+00
1.1761283210159259e+00
1.1903032934824553e+00
1.2066336359588006e+00
1.2251984462027328e+00
1.2460877612503787e+00
1.2694032941788109e+00
1.2952592802149800e+00
1.3237834441241345e+00
1.3551181060576363e+00
1.3894214518375405e+00
1.4268690076268720e+00
1.4676553799214827e+00
1.5119963511903323e+00
1.5601314585525252e+00
1.6123272212813446e+00
1.6688812041950085e+00
1.7301270658668688e+00
1.7964405575464166e+00
1.8682459574322223e+00
1.1580081173051529e+00
1.1603516669293310e+00
1.1646345198491015e+00
1.1708803916684347e+00
1.1791214031400792e+00
1.1893983513060169e+00
1.2017610492938937e+00
1.2162687376272454e+00
1.2329905706096320e+00
1.2520061817467076e+00
1.2734063323381977e+00
1.2972936474831398e+00
1.3237834441240648e+00
1.3530046569467513e+00
1.3851008708018679e+00
1.4202314741158402e+00
1.4585729583385869e+00
1.5003204060889255e+00
1.5456892373196554e+00
1.5949173184818388e+00
