%Vec Object: u 1 MPI processes
%  type: seq
u = [
1.0000000000000000e+00
1.0002170374381063e+00
1.0008684324248192e+00
1.0019550335910028e+00
1.0034782573689043e+00
1.0054400910699015e+00
1.0078430972064480e+00
1.0106904190713779e+00
1.0139857875915788e+00
1.0177335294769569e+00
1.0219385766896163e+00
1.0266064772622692e+00
1.0317434074991028e+00
1.0373561855966682e+00
1.0434522867268534e+00
1.0500398596286440e+00
1.0571277447602365e+00
1.0647254940681015e+00
1.0728433924348775e+00
1.0814924808735009e+00
1.0906845815407680e+00
1.1004323246496268e+00
1.1107491773659048e+00
1.1216494747819525e+00
1.1331484530668263e+00
1.1452622849001943e+00
1.1580081173051529e+00
1.1714041120036267e+00
1.1854694884270276e+00
1.2002245695244129e+00
1.2156908305205474e+00
1.2318909507870959e+00
1.2488488690016821e+00
1.2665898417818306e+00
1.2851405059938852e+00
1.3045289449509581e+00
1.3247847587288655e+00
1.3459391388449107e+00
1.3680249475613848e+00
1.3910768020938249e+00
1.4151311640235116e+00
1.4402264342344830e+00
1.4664030537175992e+00
1.4937036106080375e+00
1.5221729538481179e+00
1.5518583138947257e+00
1.5828094309199192e+00
1.6150786909847605e+00
1.6487212707001282e+00
1.0002170374381063e+00
1.0005453462570217e+00
1.0012832600688284e+00
1.0024414385392211e+00
1.0040259577902113e+00
1.0060413272949427e+00
1.0084916451314185e+00
1.0113810750448555e+00
1.0147140693906285e+00
1.0184954876189571e+00
1.0227306673710093e+00
1.0274254722508036e+00
1.0325863274559262e+00
1.0382202489268848e+00
1.0443348690970364e+00
1.0509384610318149e+00
1.0580399620573038e+00
1.0656489975931600e+00
1.0737759056811840e+00
1.0824317625671471e+00
1.0916284096123026e+00
1.1013784817617445e+00
1.1116954377678094e+00
1.1225935923512445e+00
1.1340881504769778e+00
1.1461952439227672e+00
1.1589319703266088e+00
1.1723164349122559e+00
1.1863677951117988e+00
1.2011063083310656e+00
1.2165533831394066e+00
1.2327316342132737e+00
1.2496649414275462e+00
1.2673785135772480e+00
1.2858989573368471e+00
1.3052543522440132e+00
1.3254743327616407e+00
1.3465901788818844e+00
1.3686349173891224e+00
1.3916434369837281e+00
1.4156526223588857e+00
1.4407015158061325e+00
1.4668315217914834e+00
1.4940866846513179e+00
1.5225141045719810e+00
1.5521646527268074e+00
1.5830944608889539e+00
1.6153689806756513e+00
1.6490791049408722e+00
1.0008684324248192e+00
1.0012832600688284e+00
1.0020987029180575e+00
1.0033249505819597e+00
1.0049695036833806e+00
1.0070382898826296e+00
1.0095365140943595e+00
1.0124691701510504e+00
1.0158413370079988e+00
1.0196583552508498e+00
1.0239259383179031e+00
1.0286502474306429e+00
1.0338379457913445e+00
1.0394962406722650e+00
1.0456329183755821e+00
1.0522563750630403e+00
1.0593756453391143e+00
1.0670004298215836e+00
1.0751411225430303e+00
1.0838088387865297e+00
1.0930154438085122e+00
1.1027735828073466e+00
1.1130967124377851e+00
1.1239991341373283e+00
1.1354960295138172e+00
1.1476034980402077e+00
1.1603385973104761e+00
1.1737193861293811e+00
1.1877649707390570e+00
1.2024955545291425e+00
1.2179324916379171e+00
1.2340983449355631e+00
1.2510169489962752e+00
1.2687134788277576e+00
1.2872145253573763e+00
1.3065481790106406e+00
1.3267441232211445e+00
1.3478337404871699e+00
1.3698502348271659e+00
1.3928287765347478e+00
1.4168066786782596e+00
1.4418236212460462e+00
1.4679219513368758e+00
1.4951471138311656e+00
1.5235483262750342e+00
1.5531797622278301e+00
1.5841029422597555e+00
1.6163924883159275e+00
1.6501530737110934e+00
1.0019550335910028e+00
1.0024414385392211e+00
1.0033249505819597e+00
1.0046139672264003e+00
1.0063157910105518e+00
1.0084367790062612e+00
1.0109827103194888e+00
1.0139591224690894e+00
1.0173715611496665e+00
1.0212257545948684e+00
1.0255277349571967e+00
1.0302839250088787e+00
1.0355012026559707e+00
1.0411869513413736e+00
1.0473491015105048e+00
1.0539961664909308e+00
1.0611372750026924e+00
1.0687822018052340e+00
1.0769413975362261e+00
1.0856260185084261e+00
1.0948479570437235e+00
1.1046198728026586e+00
1.1149552254910504e+00
1.1258683092794282e+00
1.1373742892475378e+00
1.1494892401605912e+00
1.1622301878937458e+00
1.1756151538461006e+00
1.1896632027264304e+00
1.2043944941529494e+00
1.2198303385938314e+00
1.2359932582923565e+00
1.2529070539834259e+00
1.2705968784370667e+00
1.2890893181914373e+00
1.3084124853143997e+00
1.3285961217442348e+00
1.3496717198518315e+00
1.3716726645944641e+00
1.3946344054631723e+00
1.4185946712566762e+00
1.4435937493433530e+00
1.4696748673258986e+00
1.4968847475841163e+00
1.5252744751962937e+00
1.5549009828019249e+00
1.5858298688107082e+00
1.6181413903708495e+00
1.6519445761665477e+00
1.0034782573689043e+00
1.0040259577902113e+00
1.0049695036833806e+00
1.0063157910105518e+00
1.0080714512943725e+00
1.0102427275237731e+00
1.0128355636659243e+00
1.0158557686892689e+00
1.0193091801891285e+00
1.0232018016527862e+00
1.0275399106125234e+00
1.0323301426730105e+00
1.0375795575808169e+00
1.0432956925896253e+00
1.0494866071046642e+00
1.0561609214992906e+00
1.0633278521806115e+00
1.0709972444030993e+00
1.0791796039294710e+00
1.0878861283647259e+00
1.0971287388037316e+00
1.1069201123085506e+00
1.1172737156509349e+00
1.1282038407064336e+00
1.1397256418619832e+00
1.1518551757943651e+00
1.1646094439905628e+00
1.1780064384127753e+00
1.1920651907625124e+00
1.2068058258737984e+00
1.2222496198717514e+00
1.2384190638802528e+00
1.2553379342673257e+00
1.2730313707043781e+00
1.2915259637249763e+00
1.3108498540631932e+00
1.3310328469335140e+00
1.3521065457562647e+00
1.3741045119331172e+00
1.3970624606712463e+00
1.4210185085373646e+00
1.4460134983254191e+00
1.4720914448675899e+00
1.4993001799725036e+00
1.5276923444500068e+00
1.5573270237691803e+00
1.5882726543561163e+00
1.6206125665435236e+00
1.6544559476092102e+00
1.0054400910699015e+00
1.0060413272949427e+00
1.0070382898826296e+00
1.0084367790062612e+00
1.0102427275237731e+00
1.0124620465756256e+00
1.0151006025267668e+00
1.0181642732087626e+00
1.0216590363092080e+00
1.0255910617470010e+00
1.0299667955992124e+00
1.0347930321522374e+00
1.0400769747179337e+00
1.0458262872426847e+00
1.0520491389217483e+00
1.0587542437748485e+00
1.0659508967794105e+00
1.0736490078239112e+00
1.0818591344728536e+00
1.0905925143288757e+00
1.0998610976271028e+00
1.1096775805910279e+00
1.1200554400084091e+00
1.1310089694427741e+00
1.1425533174762592e+00
1.1547045283798745e+00
1.1674795856269005e+00
1.1808964587047734e+00
1.1949741537431924e+00
1.2097327685662442e+00
1.2251935529021352e+00
1.2413789746579329e+00
1.2583127934073808e+00
1.2760201425760409e+00
1.2945276222842346e+00
1.3138634054946869e+00
1.3340573611215223e+00
1.3551411992771014e+00
1.3771486461800226e+00
1.4001156599750648e+00
1.4240807048224822e+00
1.4490851109620102e+00
1.4751735666392316e+00
1.5023948209557110e+00
1.5308027394703059e+00
1.5604579765798459e+00
1.5914307677176625e+00
1.6238057797665371e+00
1.6576904645616206e+00
1.0078430972064480e+00
1.0084916451314185e+00
1.0095365140943595e+00
1.0109827103194888e+00
1.0128355636659243e+00
1.0151006025267668e+00
1.0177834993210149e+00
1.0208900735439914e+00
1.0244263302277019e+00
1.0283985147215045e+00
1.0328131715090507e+00
1.0376772007246071e+00
1.0429979099013025e+00
1.0487830605822075e+00
1.0550409103875806e+00
1.0617802514729062e+00
1.0690104463549401e+00
1.0767414620028417e+00
1.0849839029756043e+00
1.0937490442743367e+00
1.1030488644835645e+00
1.1128960797037621e+00
1.1233041787275673e+00
1.1342874598829782e+00
1.1458610699568827e+00
1.1580410456208423e+00
1.1708443578086267e+00
1.1842889595434132e+00
1.1983938377854457e+00
1.2131790699742020e+00
1.2286658860818276e+00
1.2448767371904192e+00
1.2618353718751814e+00
1.2795669220494688e+00
1.2980980004536256e+00
1.3174568127209856e+00
1.3376732880483007e+00
1.3587792341235483e+00
1.3808085244356398e+00
1.4037973299416662e+00
1.4277844132278792e+00
1.4528115134311259e+00
1.4789238673180487e+00
1.5061709416584308e+00
1.5346075047156416e+00
1.5642952584404741e+00
1.5953054137081837e+00
1.6277228220908933e+00
1.6616523518925677e+00
1.0106904190713779e+00
1.0113810750448555e+00
