%Vec Object: err 1 MPI processes
%  type: seq
err = [
0.0000000000000000e+00
0.0000000000000000e+00
0.0000000000000000e+00
0.0000000000000000e+00
0.0000000000000000e+00
-1.1175190687418637e+00
-1.3201927884341202e+00
0.0000000000000000e+00
0.0000000000000000e+00
-1.3201927884341202e+00
-1.5596234976067807e+00
0.0000000000000000e+00
0.0000000000000000e+00
0.0000000000000000e+00
0.0000000000000000e+00
0.0000000000000000e+00
];
