%Vec Object: u 1 MPI processes
%  type: seq
u = [
1.0000000000000000e+00
1.1331484530668263e+00
1.6487212707001282e+00
1.1331484530668263e+00
1.2840254166877414e+00
1.8682459574322223e+00
1.6487212707001282e+00
1.8682459574322223e+00
2.7182818284590451e+00
1.1331484530668263e+00
1.2840254166877414e+00
1.8682459574322223e+00
1.2840254166877414e+00
1.9251118618838143e+00
2.1170000166126748e+00
1.8682459574322223e+00
2.1170000166126748e+00
3.0802168489180310e+00
1.6487212707001282e+00
1.8682459574322223e+00
2.7182818284590451e+00
1.8682459574322223e+00
2.1170000166126748e+00
3.0802168489180310e+00
2.7182818284590451e+00
3.0802168489180310e+00
4.4816890703380645e+00
];
