%Vec Object: err 1 MPI processes
%  type: seq
err = [
0.0000000000000000e+00
0.0000000000000000e+00
0.0000000000000000e+00
0.0000000000000000e+00
0.0000000000000000e+00
0.0000000000000000e+00
0.0000000000000000e+00
0.0000000000000000e+00
0.0000000000000000e+00
0.0000000000000000e+00
0.0000000000000000e+00
0.0000000000000000e+00
0.0000000000000000e+00
0.0000000000000000e+00
0.0000000000000000e+00
0.0000000000000000e+00
0.0000000000000000e+00
0.0000000000000000e+00
0.0000000000000000e+00
0.0000000000000000e+00
0.0000000000000000e+00
0.0000000000000000e+00
0.0000000000000000e+00
0.0000000000000000e+00
0.0000000000000000e+00
0.0000000000000000e+00
0.0000000000000000e+00
0.0000000000000000e+00
0.0000000000000000e+00
0.0000000000000000e+00
0.0000000000000000e+00
0.0000000000000000e+00
0.0000000000000000e+00
0.0000000000000000e+00
0.0000000000000000e+00
0.0000000000000000e+00
0.0000000000000000e+00
0.0000000000000000e+00
0.0000000000000000e+00
0.0000000000000000e+00
0.0000000000000000e+00
0.0000000000000000e+00
0.0000000000000000e+00
0.0000000000000000e+00
0.0000000000000000e+00
0.0000000000000000e+00
0.0000000000000000e+00
0.0000000000000000e+00
0.0000000000000000e+00
0.0000000000000000e+00
1.1122427555942949e-04
1.9760172355409722e-04
2.6894319462988925e-04
3.2990807113231213e-04
3.8301808350604816e-04
4.2980824113980631e-04
4.7129831420367196e-04
5.0820892143454977e-04
5.4107186408769437e-04
5.7029175080614003e-04
5.9618294876595535e-04
6.1899301087686709e-04
6.3891820129091670e-04
6.5611415908573001e-04
6.7070344212760702e-04
6.8278099959351302e-04
6.9241823153953774e-04
6.9966606492322114e-04
7.0455733626628714e-04
7.0710868417478423e-04
7.0732209956614334e-04
7.0518624607029956e-04
7.0067764083181494e-04
6.9376177290370045e-04
6.8439423029831303e-04
6.7252190636968301e-04
6.5808436117253954e-04
6.4101542404970679e-04
6.2124514093087058e-04
5.9870219547364378e-04
5.7331697019269434e-04
5.4502546675405661e-04
5.1377438102528927e-04
4.7952773993431563e-04
4.4227567290744396e-04
4.0204614269834238e-04
3.5892085443167687e-04
3.1305719785312824e-04
2.6471914456749346e-04
2.1432189294978699e-04
1.6249851607019750e-04
1.1020371187409062e-04
5.8884438344009027e-05
1.0782205605019968e-05
-3.0472520670121739e-05
-5.8498934862871721e-05
-6.0242850540737081e-05
0.0000000000000000e+00
0.0000000000000000e+00
1.9760172355409722e-04
3.6108389354239101e-04
4.9978675157569263e-04
6.1979325817596020e-04
7.2504203642975718e-04
8.1817326316713235e-04
9.0103474829672514e-04
9.7497128016965640e-04
1.0409929770693882e-03
1.0998770321160034e-03
1.1522318159895573e-03
1.1985388630759708e-03
1.2391813279377661e-03
1.2744638491835047e-03
1.3046267729421857e-03
1.3298565681520991e-03
1.3502936109017760e-03
1.3660381194093851e-03
1.3771547754402036e-03
1.3836764118837497e-03
1.3856070456748082e-03
1.3829244704144372e-03
1.3755825821937240e-03
1.3635135882139604e-03
1.3466302368834171e-03
1.3248282080513540e-03
1.2979888123236805e-03
1.2659821696452411e-03
1.2286710714899396e-03
1.1859157815901078e-03
1.1375801029622767e-03
1.0835391430532582e-03
1.0236893583768225e-03
9.5796167763739781e-04
8.8633882477173742e-04
8.0887845189248075e-04
7.2574445225281892e-04
6.3725004335712931e-04
5.4391824057065108e-04
4.4656886653759997e-04
3.4644767699210099e-04
2.4542565957430540e-04
1.4632257460656106e-04
5.3468077611640297e-05
-2.6235745407277022e-05
-8.1051692284450638e-05
-8.8789372718833803e-05
0.0000000000000000e+00
0.0000000000000000e+00
2.6894319462988925e-04
4.9978675157569263e-04
7.0007788805281912e-04
8.7569994065028745e-04
1.0310187845770091e-03
1.1692460035419572e-03
1.2927696783222586e-03
1.4033972825466812e-03
1.5025218810942320e-03
1.5912340222106192e-03
1.6703975988205944e-03
1.7407021379116649e-03
1.8026995560294079e-03
1.8568305124917472e-03
1.9034436648208697e-03
1.9428099914686747e-03
1.9751336310325218e-03
2.0005602312529458e-03
2.0191835064007346e-03
2.0310505088543263e-03
2.0361659937164767e-03
2.0344961722165156e-03
2.0259720969462158e-03
2.0104928913728948e-03
1.9879290229083413e-03
1.9581258206073926e-03
1.9209074548678373e-03
1.8760816284189019e-03
1.8234452783694177e-03
1.7627916633422558e-03
1.6939193160194765e-03
1.6166434927595841e-03
1.5308109685294724e-03
1.4363193391757623e-03
1.3331424556271010e-03
1.2213643112057859e-03
1.1012247790336271e-03
9.7318230726695099e-04
8.3800149358914666e-04
6.9687827182352002e-04
5.5162405129149938e-04
4.0494638033239383e-04
2.6089624233804898e-04
1.2562209208666353e-04
8.7337750580562812e-06
-7.4007714815582659e-05
-9.4833706899111192e-05
0.0000000000000000e+00
0.0000000000000000e+00
3.2990807113231213e-04
6.1979325817596020e-04
8.7569994065028745e-04
1.1028382822395599e-03
1.3054570481159100e-03
1.4869287799186282e-03
1.6499082200749360e-03
1.7964890598951566e-03
1.9283330273451860e-03
2.0467685379688128e-03
2.1528638662389188e-03
2.2474809717620836e-03
2.3313151962269796e-03
2.4049247724031719e-03
2.4687529912501560e-03
2.5231450522895660e-03
2.5683610393951728e-03
2.6045860591765724e-03
2.6319383002122443e-03
2.6504755800691449e-03
2.6602008167306845e-03
2.6610667738526939e-03
2.6529803734931523e-03
2.6358068382146271e-03
2.6093739123886905e-03
2.5734764181422065e-03
2.5278814246070258e-03
2.4723343517520924e-03
2.4065663960972650e-03
2.3303037616364541e-03
2.2432793158952968e-03
2.1452474843906000e-03
2.0360034719903997e-03
1.9154082960404217e-03
1.7834216965104677e-03
1.6401458553876314e-03
1.4858841835698744e-03
1.3212215170321784e-03
1.1471354398266964e-03
9.6515411462205769e-04
7.7758588316934052e-04
5.8786392261378495e-04
4.0108377390990491e-04
2.2488130841979981e-04
7.0947258654863177e-05
-4.2195130471434084e-05
-8.3783799515124713e-05
0.0000000000000000e+00
0.0000000000000000e+00
3.8301808350604816e-04
7.2504203642975718e-04
1.0310187845770091e-03
1.3054570481159100e-03
1.5522698449736971e-03
1.7747470873441529e-03
1.9756062141593755e-03
2.1570736895450970e-03
2.3209691847971836e-03
2.4687799845590774e-03
2.6017221607106400e-03
2.7207891212654989e-03
2.8267895244449281e-03
2.9203767280039372e-03
3.0020716827980909e-03
3.0722808151586456e-03
3.1313101036334334e-03
3.1793762793883573e-03
3.2166158680093648e-03
3.2430926342155164e-03
3.2588038790437590e-03
3.2636859618155878e-03
3.2576193695006417e-03
3.2404336290314806e-03
3.2119123508997927e-03
3.1717987039223683e-03
3.1198016521898353e-03
3.0556033385320536e-03
2.9788680792852684e-03
2.8892535507116790e-03
2.7864249103677352e-03
2.6700728257860185e-03
2.5399367067049372e-03
2.3958349001234058e-03
2.2377042798731317e-03
2.0656526571543044e-03
1.8800289423295258e-03
1.6815183180067805e-03
1.4712733926220967e-03
1.2510983908269324e-03
1.0237137640121130e-03
7.9314676422703734e-04
5.6532667452513508e-04
3.4902612911325015e-04
1.5741212994901943e-04
1.0709347239901135e-05
-5.9086382237838464e-05
0.0000000000000000e+00
0.0000000000000000e+00
4.2980824113980631e-04
8.1817326316713235e-04
1.1692460035419572e-03
1.4869287799186282e-03
1.7747470873441529e-03
2.0357907343291348e-03
2.2727112702110031e-03
2.4877535380856131e-03
2.6828022425984255e-03
2.8594312234386798e-03
3.0189490684007225e-03
3.1624385650723674e-03
3.2907895841944867e-03
3.4047259456382317e-03
3.5048271545499166e-03
3.5915459329161070e-03
3.6652223865809574e-03
3.7260955265647766e-03
3.7743127453024883e-03
3.8099377481981556e-03
3.8329573627906566e-03
3.8432875915994646e-03
3.8407792387495920e-03
3.8252234233171478e-03
3.7963572932970813e-03
3.7538702735937513e-03
3.6974112213090660e-03
3.6265969254067887e-03
3.5410224814420577e-03
3.4402742045200885e-03
3.3239459285565598e-03
3.1916597977563743e-03
3.0430930178435567e-03
2.8780125472867013e-03
2.6963204461520895e-03
2.4981136791037972e-03
2.2837637787140874e-03
2.0540242296851474e-03
1.8101772673846384e-03
1.5542379250572669e-03
1.2892432736459902e-03
1.0196719063102488e-03
7.5206843477215735e-04
4.9600042546682488e-04
2.6556893923768143e-04
8.1854562276939546e-05
-2.3088063323628560e-05
0.0000000000000000e+00
0.0000000000000000e+00
