%Vec Object: u_exact 1 MPI processes
%  type: seq
u_exact = [
1.0000000000000000e+00
1.0002170374381063e+00
1.0008684324248192e+00
1.0019550335910028e+00
1.0034782573689043e+00
1.0054400910699015e+00
1.0078430972064480e+00
1.0106904190713779e+00
1.0139857875915788e+00
1.0177335294769569e+00
1.0219385766896163e+00
1.0266064772622692e+00
1.0317434074991028e+00
1.0373561855966682e+00
1.0434522867268534e+00
1.0500398596286440e+00
1.0571277447602365e+00
1.0647254940681015e+00
1.0728433924348775e+00
1.0814924808735009e+00
1.0906845815407680e+00
1.1004323246496268e+00
1.1107491773659048e+00
1.1216494747819525e+00
1.1331484530668263e+00
1.1452622849001943e+00
1.1580081173051529e+00
1.1714041120036267e+00
1.1854694884270276e+00
1.2002245695244129e+00
1.2156908305205474e+00
1.2318909507870959e+00
1.2488488690016821e+00
1.2665898417818306e+00
1.2851405059938852e+00
1.3045289449509581e+00
1.3247847587288655e+00
1.3459391388449107e+00
1.3680249475613848e+00
1.3910768020938249e+00
1.4151311640235116e+00
1.4402264342344830e+00
1.4664030537175992e+00
1.4937036106080375e+00
1.5221729538481179e+00
1.5518583138947257e+00
1.5828094309199192e+00
1.6150786909847605e+00
1.6487212707001282e+00
1.0002170374381063e+00
1.0004341219814623e+00
1.0010856583452743e+00
1.0021724953445912e+00
1.0036960497190790e+00
1.0056583092114366e+00
1.0080618368902787e+00
1.0109097767306519e+00
1.0142058604691939e+00
1.0179544157548694e+00
1.0221603756202031e+00
1.0268292893020377e+00
1.0319673344450493e+00
1.0375813307255939e+00
1.0436787549379507e+00
1.0502677575896873e+00
1.0573571810577103e+00
1.0649565793616205e+00
1.0730762396162608e+00
1.0817272052308808e+00
1.0909213009281278e+00
1.1006711596621783e+00
1.1109902515217391e+00
1.1218929147104126e+00
1.1333943887040741e+00
1.1455108496924689e+00
1.1582594484202391e+00
1.1716583505510834e+00
1.1857267796877491e+00
1.2004850631901347e+00
1.2159546809439330e+00
1.2321583172430810e+00
1.2491199159607922e+00
1.2668647391962227e+00
1.2854194295969128e+00
1.3048120765711058e+00
1.3250722866189424e+00
1.3462312580274527e+00
1.3683218601912692e+00
1.3913787178391606e+00
1.4154383004659359e+00
1.4405390172900623e+00
1.4667213180796093e+00
1.4940278002129739e+00
1.5225033223663760e+00
1.5521951252474775e+00
1.5831529598238168e+00
1.6154292235261920e+00
1.6490791049408722e+00
1.0008684324248192e+00
1.0010856583452743e+00
1.0017376190245151e+00
1.0028251638303840e+00
1.0043497104252046e+00
1.0063132478461998e+00
1.0087183408311924e+00
1.0115681354027537e+00
1.0148663657278292e+00
1.0186173622737804e+00
1.0228260612857871e+00
1.0274980156146534e+00
1.0326394069282685e+00
1.0382570593443272e+00
1.0443584545263986e+00
1.0509517482900981e+00
1.0580457887709622e+00
1.0656501362106818e+00
1.0737750844236209e+00
1.0824316840110895e+00
1.0916317673966285e+00
1.1013879757616718e+00
1.1117137879673706e+00
1.1226235515551346e+00
1.1341325159256033e+00
1.1462568678033243e+00
1.1590137691024247e+00
1.1724213973170574e+00
1.1864989885694117e+00
1.2012668834576525e+00
1.2167465758563270e+00
1.2329607648326009e+00
1.2499334098532220e+00
1.2676897894693808e+00
1.2862565636797390e+00
1.3056618401858688e+00
1.3259352447692521e+00
1.3471079960349170e+00
1.3692129847838088e+00
1.3922848582941771e+00
1.4163601098117220e+00
1.4414771735690541e+00
1.4676765256773014e+00
1.4950007912565590e+00
1.5234948581974226e+00
1.5532059979732373e+00
1.5841839939520399e+00
1.6164812776886464e+00
1.6501530737110934e+00
1.0019550335910028e+00
1.0021724953445912e+00
1.0028251638303840e+00
1.0039138893383475e+00
1.0054400910699015e+00
1.0074057602216842e+00
1.0098134643159469e+00
1.0126663527907671e+00
1.0159681638671199e+00
1.0197232327137742e+00
1.0239365009349861e+00
1.0286135274100581e+00
1.0337605005180590e+00
1.0393842517853442e+00
1.0454922709980130e+00
1.0520927228261099e+00
1.0591944650112237e+00
1.0668070681742015e+00
1.0749408373049731e+00
1.0836068350020254e+00
1.0928169065348692e+00
1.1025837068089421e+00
1.1129207293188339e+00
1.1238423371824819e+00
1.1353637963561649e+00
1.1475013111376828e+00
1.1602720620731384e+00
1.1736942463912328e+00
1.1877871210980115e+00
1.2025710488745800e+00
1.2180675469304891e+00
1.2342993389763370e+00
1.2512904104906664e+00
1.2690660674685372e+00
1.2876529988522616e+00
1.3070793428587726e+00
1.3273747574330290e+00
1.3485704950727979e+00
1.3706994822871972e+00
1.3937964039695832e+00
1.4178977929848526e+00
1.4430421252920616e+00
1.4692699209455662e+00
1.4966238513417782e+00
1.5251488531042070e+00
1.5548922490268668e+00
1.5859038765255238e+00
1.6182362240777486e+00
1.6519445761665477e+00
1.0034782573689043e+00
1.0036960497190790e+00
1.0043497104252046e+00
1.0054400910699015e+00
1.0069686130121329e+00
1.0089372704756572e+00
1.0113486348860057e+00
1.0142058604691939e+00
1.0175126911292334e+00
1.0212734686254410e+00
1.0254931420745546e+00
1.0301772788067716e+00
1.0353320766090548e+00
1.0409643773933983e+00
1.0470816823322611e+00
1.0536921685080405e+00
1.0608047071283220e+00
1.0684288833637041e+00
1.0765750178702944e+00
1.0852541900645136e+00
1.0944782632236625e+00
1.1042599114918199e+00
1.1146126488770822e+00
1.1255508603329405e+00
1.1370898350237686e+00
1.1492458018819764e+00
1.1620359675724206e+00
1.1754785569881683e+00
1.1895928564107603e+00
1.2043992594777011e+00
1.2199193161101149e+00
1.2361757845643575e+00
1.2531926867829351e+00
1.2709953672323877e+00
1.2896105554289359e+00
1.3090664323666827e+00
1.3293927010781263e+00
1.3506206615726948e+00
1.3727832904160850e+00
1.3959153252314196e+00
1.4200533544227425e+00
1.4452359124422498e+00
1.4715035809449761e+00
1.4988990961985937e+00
1.5274674631415870e+00
1.5572560765105254e+00
1.5883148494865877e+00
1.6206963503430387e+00
1.6544559476092102e+00
1.0054400910699015e+00
1.0056583092114366e+00
1.0063132478461998e+00
1.0074057602216842e+00
1.0089372704756572e+00
1.0109097767306519e+00
1.0133258554394227e+00
1.0161886669946032e+00
1.0195019626196629e+00
1.0232700925622038e+00
1.0274980156146534e+00
1.0321913099915268e+00
1.0373561855966682e+00
1.0429994977182397e+00
1.0491287621937444e+00
1.0557521720920504e+00
1.0628786159642518e+00
1.0705176977202777e+00
1.0786797581934653e+00
1.0873758984608664e+00
1.0966180049928873e+00
1.1064187767119842e+00
1.1167917540465935e+00
1.1277513500732734e+00
1.1393128838472277e+00
1.1514926160289747e+00
1.1643077869229781e+00
1.1777766570525836e+00
1.1919185504046603e+00
1.2067539004869590e+00
1.2223042993514235e+00
1.2385925497475652e+00
1.2556427205815948e+00
1.2734802058693360e+00
1.2921317873841112e+00
1.3116257012148138e+00
1.3319917084643680e+00
1.3532611703347719e+00
1.3754671278620159e+00
1.3986443865824427e+00
1.4228296064316552e+00
1.4480613971979981e+00
1.4743804198750046e+00
1.5018294942811858e+00
1.5304537133411926e+00
1.5603005644498968e+00
1.5914200583704226e+00
1.6238648661487749e+00
1.6576904645616206e+00
1.0078430972064480e+00
1.0080618368902787e+00
1.0087183408311924e+00
1.0098134643159469e+00
1.0113486348860057e+00
1.0133258554394227e+00
1.0157477085866857e+00
1.0186173622737804e+00
1.0219385766896163e+00
1.0257157124789060e+00
1.0299537402856120e+00
1.0346582516562064e+00
1.0398354713362301e+00
1.0454922709980130e+00
1.0516361844419424e+00
1.0582754243183563e+00
1.0654189004220240e+00
1.0730762396162608e+00
1.0812578074490395e+00
1.0899747315290342e+00
1.0992389267353664e+00
1.1090631223409715e+00
1.1194608911359678e+00
1.1304466806442286e+00
1.1420358465335656e+00
1.1542446883275452e+00
1.1670904875350330e+00
1.1805915483221041e+00
1.1947672408600389e+00
1.2096380474927599e+00
1.2252256118773075e+00
1.2415527912618627e+00
1.2586437120774250e+00
1.2765238290316252e+00
1.2952199879063389e+00
1.3147604922748335e+00
1.3351751743691969e+00
1.3564954703448342e+00
1.3787545002059547e+00
1.4019871526742815e+00
1.4262301753028219e+00
1.4515222701574799e+00
1.4779041954117385e+00
1.5054188732236586e+00
1.5341115042901747e+00
1.5640296895012364e+00
1.5952235591459067e+00
1.6277459101542169e+00
1.6616523518925677e+00
1.0106904190713779e+00
1.0109097767306519e+00
