%Vec Object: rhs 1 MPI processes
%  type: seq
rhs = [
6.9830110669373968e-01
6.8808308554970921e-01
6.7757265800967781e-01
6.6682930797097373e-01
6.5593386843489898e-01
6.4499187441585337e-01
6.3413635169598104e-01
6.2352941176470589e-01
6.1336186026868678e-01
6.0384994522228930e-01
5.9522845949844738e-01
5.8773975910346832e-01
5.8161891170520741e-01
5.7707609570874252e-01
5.7427833264784689e-01
5.7333333333333325e-01
5.7427833264784689e-01
5.7707609570874252e-01
5.8161891170520741e-01
5.8773975910346832e-01
5.9522845949844738e-01
6.0384994522228930e-01
6.1336186026868678e-01
6.2352941176470589e-01
6.3413635169598104e-01
6.4499187441585337e-01
6.5593386843489898e-01
6.6682930797097373e-01
6.7757265800967781e-01
6.8808308554970921e-01
6.9830110669373968e-01
6.8808308554970921e-01
6.7675118574329252e-01
6.6500868954226311e-01
6.5291126749015005e-01
6.4054018796689249e-01
6.2800755601977820e-01
6.1546126839928972e-01
6.0308884931453288e-01
5.9111899840003845e-01
5.7981941484888777e-01
5.6948941184236002e-01
5.6044619536419504e-01
5.5300461070746998e-01
5.4745166004060963e-01
5.4401888007737820e-01
5.4285714285714282e-01
5.4401888007737820e-01
5.4745166004060963e-01
5.5300461070746998e-01
5.6044619536419504e-01
5.6948941184236002e-01
5.7981941484888777e-01
5.9111899840003845e-01
6.0308884931453288e-01
6.1546126839928972e-01
6.2800755601977820e-01
6.4054018796689249e-01
6.5291126749015005e-01
6.6500868954226311e-01
6.7675118574329252e-01
6.8808308554970921e-01
6.7757265800967781e-01
6.6500868954226311e-01
6.5188589233893035e-01
6.3825061187569820e-01
6.2417905951058983e-01
6.0978511305619687e-01
5.9522845949844738e-01
5.8072205946853217e-01
5.6653730465369834e-01
5.5300461070746998e-01
5.4050677848464757e-01
5.2946264185996306e-01
5.2029971904264860e-01
5.1341701038738852e-01
5.0914240713768288e-01
5.0769230769230766e-01
5.0914240713768288e-01
5.1341701038738852e-01
5.2029971904264860e-01
5.2946264185996306e-01
5.4050677848464757e-01
5.5300461070746998e-01
5.6653730465369834e-01
5.8072205946853217e-01
5.9522845949844738e-01
6.0978511305619687e-01
6.2417905951058983e-01
6.3825061187569820e-01
6.5188589233893035e-01
6.6500868954226311e-01
6.7757265800967781e-01
6.6682930797097373e-01
6.5291126749015005e-01
6.3825061187569820e-01
6.2287638336717466e-01
6.0685112522627116e-01
5.9028198421473288e-01
5.7333333333333325e-01
5.5623984301981666e-01
5.3931791952083552e-01
5.2297216480004494e-01
5.0769230769230766e-01
4.9403557437305934e-01
4.8259066658915628e-01
4.7392324062285662e-01
4.6850892893606422e-01
4.6666666666666667e-01
4.6850892893606422e-01
4.7392324062285662e-01
4.8259066658915628e-01
4.9403557437305934e-01
5.0769230769230766e-01
5.2297216480004494e-01
5.3931791952083552e-01
5.5623984301981666e-01
5.7333333333333325e-01
5.9028198421473288e-01
6.0685112522627116e-01
6.2287638336717466e-01
6.3825061187569820e-01
6.5291126749015005e-01
6.6682930797097373e-01
6.5593386843489898e-01
6.4054018796689249e-01
6.2417905951058983e-01
6.0685112522627116e-01
5.8859241821873587e-01
5.6948941184236002e-01
5.4969757137261310e-01
5.2946264185996306e-01
5.0914240713768288e-01
4.8922439394072181e-01
4.7033223129448454e-01
4.5321109906127299e-01
4.3868286764350128e-01
4.2756659776005379e-01
4.2057122532788138e-01
4.1818181818181810e-01
4.2057122532788138e-01
4.2756659776005379e-01
4.3868286764350128e-01
4.5321109906127299e-01
4.7033223129448454e-01
4.8922439394072181e-01
5.0914240713768288e-01
5.2946264185996306e-01
5.4969757137261310e-01
5.6948941184236002e-01
5.8859241821873587e-01
6.0685112522627116e-01
6.2417905951058983e-01
6.4054018796689249e-01
6.5593386843489898e-01
6.4499187441585337e-01
6.2800755601977820e-01
6.0978511305619687e-01
5.9028198421473288e-01
5.6948941184236002e-01
5.4745166004060963e-01
5.2429174640181353e-01
5.0024396195646048e-01
4.7569157086781400e-01
4.5120452754397167e-01
4.2756659776005379e-01
4.0577491783343400e-01
3.8699117745846312e-01
3.7242836755781106e-01
3.6317619826560688e-01
3.5999999999999999e-01
3.6317619826560688e-01
3.7242836755781106e-01
3.8699117745846312e-01
4.0577491783343400e-01
4.2756659776005379e-01
4.5120452754397167e-01
4.7569157086781400e-01
5.0024396195646048e-01
5.2429174640181353e-01
5.4745166004060963e-01
5.6948941184236002e-01
5.9028198421473288e-01
6.0978511305619687e-01
6.2800755601977820e-01
6.4499187441585337e-01
6.3413635169598104e-01
6.1546126839928972e-01
5.9522845949844738e-01
5.7333333333333325e-01
5.4969757137261310e-01
5.2429174640181353e-01
4.9716851115623284e-01
4.6850892893606422e-01
4.3868286764350128e-01
4.0831979069308899e-01
3.7837704809135086e-01
3.5017845431448369e-01
3.2538076583074571e-01
3.0582253498030021e-01
2.9323823312098218e-01
2.8888888888888886e-01
2.9323823312098218e-01
3.0582253498030021e-01
3.2538076583074571e-01
3.5017845431448369e-01
3.7837704809135086e-01
4.0831979069308899e-01
4.3868286764350128e-01
4.6850892893606422e-01
4.9716851115623284e-01
5.2429174640181353e-01
5.4969757137261310e-01
5.7333333333333325e-01
5.9522845949844738e-01
6.1546126839928972e-01
6.3413635169598104e-01
6.2352941176470589e-01
6.0308884931453288e-01
5.8072205946853217e-01
5.5623984301981666e-01
5.2946264185996306e-01
5.0024396195646048e-01
4.6850892893606422e-01
4.3431457505076199e-01
3.9793864423449776e-01
3.5999999999999999e-01
3.2160135679592949e-01
2.8445824720006729e-01
2.5093665794476427e-01
2.2388599988373448e-01
2.0617769862906576e-01
1.9999999999999996e-01
2.0617769862906576e-01
2.2388599988373448e-01
2.5093665794476427e-01
2.8445824720006729e-01
3.2160135679592949e-01
3.5999999999999999e-01
3.9793864423449776e-01
4.3431457505076199e-01
4.6850892893606422e-01
5.0024396195646048e-01
5.2946264185996306e-01
5.5623984301981666e-01
5.8072205946853217e-01
6.0308884931453288e-01
6.2352941176470589e-01
6.1336186026868678e-01
5.9111899840003845e-01
5.6653730465369834e-01
5.3931791952083552e-01
5.0914240713768288e-01
4.7569157086781400e-01
4.3868286764350128e-01
3.9793864423449776e-01
3.5350237148658503e-01
3.0582253498030021e-01
2.5601511203955651e-01
2.0617769862906576e-01
1.5963882969777565e-01
1.2089239072839020e-01
9.4903320081219156e-02
8.5714285714285632e-02
9.4903320081219156e-02
1.2089239072839020e-01
1.5963882969777565e-01
2.0617769862906576e-01
2.5601511203955651e-01
3.0582253498030021e-01
3.5350237148658503e-01
3.9793864423449776e-01
4.3868286764350128e-01
4.7569157086781400e-01
5.0914240713768288e-01
5.3931791952083552e-01
5.6653730465369834e-01
5.9111899840003845e-01
6.1336186026868678e-01
6.0384994522228930e-01
5.7981941484888777e-01
5.5300461070746998e-01
5.2297216480004494e-01
4.8922439394072181e-01
4.5120452754397167e-01
4.0831979069308899e-01
3.5999999999999999e-01
3.0582253498030021e-01
2.4575276673434920e-01
1.8056396842946565e-01
1.1247968603963332e-01
4.5944329600089762e-02
0.0000000000000000e+00
0.0000000000000000e+00
0.0000000000000000e+00
0.0000000000000000e+00
0.0000000000000000e+00
4.5944329600089762e-02
1.1247968603963332e-01
1.8056396842946565e-01
2.4575276673434920e-01
3.0582253498030021e-01
3.5999999999999999e-01
4.0831979069308899e-01
4.5120452754397167e-01
4.8922439394072181e-01
5.2297216480004494e-01
5.5300461070746998e-01
5.7981941484888777e-01
6.0384994522228930e-01
5.9522845949844738e-01
5.6948941184236002e-01
5.4050677848464757e-01
5.0769230769230766e-01
4.7033223129448454e-01
4.2756659776005379e-01
3.7837704809135086e-01
3.2160135679592949e-01
2.5601511203955651e-01
1.8056396842946565e-01
9.4903320081219156e-02
4.8792391292107329e-04
0.0000000000000000e+00
0.0000000000000000e+00
0.0000000000000000e+00
0.0000000000000000e+00
0.0000000000000000e+00
0.0000000000000000e+00
0.0000000000000000e+00
4.8792391292107329e-04
9.4903320081219156e-02
1.8056396842946565e-01
2.5601511203955651e-01
3.2160135679592949e-01
3.7837704809135086e-01
4.2756659776005379e-01
4.7033223129448454e-01
5.0769230769230766e-01
5.4050677848464757e-01
5.6948941184236002e-01
5.9522845949844738e-01
5.8773975910346832e-01
5.6044619536419504e-01
5.2946264185996306e-01
4.9403557437305934e-01
