%Vec Object: rhs 1 MPI processes
%  type: seq
rhs = [
1.2530078212061065e+01
9.6646097363939258e+00
7.6799710515876729e+00
6.2972606065485417e+00
5.3367109236089201e+00
4.6820592116325024e+00
4.2588676884324670e+00
4.0213859336859885e+00
3.9448386142996101e+00
4.0213859336859885e+00
4.2588676884324670e+00
4.6820592116325015e+00
5.3367109236089201e+00
6.2972606065485381e+00
7.6799710515876676e+00
9.6646097363939205e+00
1.2530078212061065e+01
9.6646097363939258e+00
7.4098722161719772e+00
5.8528068508180686e+00
4.7710013484108318e+00
4.0213859336859885e+00
3.5116083825657665e+00
3.1826418837334924e+00
2.9982599962310457e+00
2.9388653379620098e+00
2.9982599962310457e+00
3.1826418837334924e+00
3.5116083825657656e+00
4.0213859336859885e+00
4.7710013484108309e+00
5.8528068508180660e+00
7.4098722161719754e+00
9.6646097363939258e+00
7.6799710515876729e+00
5.8528068508180686e+00
4.5945814136536161e+00
3.7227562549464679e+00
3.1201319175428281e+00
2.7111917756520465e+00
2.4477483261461090e+00
2.3002678973250386e+00
2.2527894965431283e+00
2.3002678973250386e+00
2.4477483261461090e+00
2.7111917756520461e+00
3.1201319175428281e+00
3.7227562549464652e+00
4.5945814136536143e+00
5.8528068508180660e+00
7.6799710515876729e+00
6.2972606065485417e+00
4.7710013484108318e+00
3.7227562549464679e+00
2.9982599962310457e+00
2.4986353668124255e+00
2.1602761486261257e+00
1.9426555989632137e+00
1.8209663725681300e+00
1.7818139434304339e+00
1.8209663725681300e+00
1.9426555989632137e+00
2.1602761486261253e+00
2.4986353668124255e+00
2.9982599962310443e+00
3.7227562549464652e+00
4.7710013484108309e+00
6.2972606065485417e+00
5.3367109236089201e+00
4.0213859336859885e+00
3.1201319175428281e+00
2.4986353668124255e+00
2.0709354065618997e+00
1.7818139434304339e+00
1.5961347773378824e+00
1.4924138866125145e+00
1.4590604308252066e+00
1.4924138866125145e+00
1.5961347773378824e+00
1.7818139434304334e+00
2.0709354065618997e+00
2.4986353668124242e+00
3.1201319175428259e+00
4.0213859336859876e+00
5.3367109236089201e+00
4.6820592116325024e+00
3.5116083825657665e+00
2.7111917756520465e+00
2.1602761486261257e+00
1.7818139434304339e+00
1.5263708398909450e+00
1.3625248075396481e+00
1.2710802658800195e+00
1.2416878541576264e+00
1.2710802658800195e+00
1.3625248075396481e+00
1.5263708398909450e+00
1.7818139434304339e+00
2.1602761486261248e+00
2.7111917756520443e+00
3.5116083825657651e+00
4.6820592116325024e+00
4.2588676884324670e+00
3.1826418837334924e+00
2.4477483261461095e+00
1.9426555989632137e+00
1.5961347773378824e+00
1.3625248075396481e+00
1.2128253614321964e+00
1.1293322587970058e+00
1.1025049497161681e+00
1.1293322587970058e+00
1.2128253614321962e+00
1.3625248075396481e+00
1.5961347773378824e+00
1.9426555989632128e+00
2.4477483261461082e+00
3.1826418837334911e+00
4.2588676884324670e+00
4.0213859336859885e+00
2.9982599962310457e+00
2.3002678973250386e+00
1.8209663725681300e+00
1.4924138866125145e+00
1.2710802658800195e+00
1.1293322587970058e+00
1.0503073242949594e+00
1.0249212410151309e+00
1.0503073242949594e+00
1.1293322587970056e+00
1.2710802658800195e+00
1.4924138866125145e+00
1.8209663725681291e+00
2.3002678973250372e+00
2.9982599962310443e+00
4.0213859336859885e+00
3.9448386142996101e+00
2.9388653379620098e+00
2.2527894965431283e+00
1.7818139434304339e+00
1.4590604308252066e+00
1.2416878541576264e+00
1.1025049497161681e+00
1.0249212410151309e+00
1.0000000000000000e+00
1.0249212410151309e+00
1.1025049497161679e+00
1.2416878541576264e+00
1.4590604308252066e+00
1.7818139434304330e+00
2.2527894965431270e+00
2.9388653379620089e+00
3.9448386142996101e+00
4.0213859336859885e+00
2.9982599962310457e+00
2.3002678973250386e+00
1.8209663725681300e+00
1.4924138866125145e+00
1.2710802658800195e+00
1.1293322587970058e+00
1.0503073242949594e+00
1.0249212410151309e+00
1.0503073242949594e+00
1.1293322587970056e+00
1.2710802658800195e+00
1.4924138866125145e+00
1.8209663725681291e+00
2.3002678973250372e+00
2.9982599962310443e+00
4.0213859336859885e+00
4.2588676884324670e+00
3.1826418837334924e+00
2.4477483261461095e+00
1.9426555989632137e+00
1.5961347773378824e+00
1.3625248075396481e+00
1.2128253614321962e+00
1.1293322587970056e+00
1.1025049497161679e+00
1.1293322587970056e+00
1.2128253614321960e+00
1.3625248075396479e+00
1.5961347773378824e+00
1.9426555989632128e+00
2.4477483261461077e+00
3.1826418837334911e+00
4.2588676884324670e+00
4.6820592116325015e+00
3.5116083825657656e+00
2.7111917756520461e+00
2.1602761486261253e+00
1.7818139434304334e+00
1.5263708398909450e+00
1.3625248075396481e+00
1.2710802658800195e+00
1.2416878541576264e+00
1.2710802658800195e+00
1.3625248075396479e+00
1.5263708398909450e+00
1.7818139434304334e+00
2.1602761486261244e+00
2.7111917756520443e+00
3.5116083825657647e+00
4.6820592116325015e+00
5.3367109236089201e+00
4.0213859336859885e+00
3.1201319175428281e+00
2.4986353668124255e+00
2.0709354065618997e+00
1.7818139434304339e+00
1.5961347773378824e+00
1.4924138866125145e+00
1.4590604308252066e+00
1.4924138866125145e+00
1.5961347773378824e+00
1.7818139434304334e+00
2.0709354065618997e+00
2.4986353668124242e+00
3.1201319175428259e+00
4.0213859336859876e+00
5.3367109236089201e+00
6.2972606065485381e+00
4.7710013484108309e+00
3.7227562549464657e+00
2.9982599962310443e+00
2.4986353668124242e+00
2.1602761486261248e+00
1.9426555989632128e+00
1.8209663725681291e+00
1.7818139434304330e+00
1.8209663725681291e+00
1.9426555989632128e+00
2.1602761486261244e+00
2.4986353668124242e+00
2.9982599962310430e+00
3.7227562549464639e+00
4.7710013484108282e+00
6.2972606065485381e+00
7.6799710515876676e+00
5.8528068508180660e+00
4.5945814136536143e+00
3.7227562549464652e+00
3.1201319175428259e+00
2.7111917756520443e+00
2.4477483261461082e+00
2.3002678973250372e+00
2.2527894965431270e+00
2.3002678973250372e+00
2.4477483261461077e+00
2.7111917756520443e+00
3.1201319175428259e+00
3.7227562549464639e+00
4.5945814136536116e+00
5.8528068508180642e+00
7.6799710515876676e+00
9.6646097363939205e+00
7.4098722161719754e+00
5.8528068508180668e+00
4.7710013484108309e+00
4.0213859336859876e+00
3.5116083825657651e+00
3.1826418837334911e+00
2.9982599962310443e+00
2.9388653379620089e+00
2.9982599962310443e+00
3.1826418837334911e+00
3.5116083825657647e+00
4.0213859336859876e+00
4.7710013484108282e+00
5.8528068508180624e+00
7.4098722161719728e+00
9.6646097363939205e+00
1.2530078212061065e+01
9.6646097363939258e+00
7.6799710515876729e+00
6.2972606065485417e+00
5.3367109236089201e+00
4.6820592116325024e+00
4.2588676884324670e+00
4.0213859336859885e+00
3.9448386142996101e+00
4.0213859336859885e+00
4.2588676884324670e+00
4.6820592116325015e+00
5.3367109236089201e+00
6.2972606065485381e+00
7.6799710515876676e+00
9.6646097363939205e+00
1.2530078212061065e+01
];
