%Vec Object: rhs 1 MPI processes
%  type: seq
rhs = [
5.0310076776351742e-01
5.0780628324170574e-01
5.1579681803441391e-01
5.2730428143389230e-01
5.4267428996805256e-01
5.6239000752703439e-01
5.8710752676144562e-01
6.1770754569874275e-01
6.5537089987389030e-01
7.0169012295753141e-01
7.5883705128019763e-01
8.2982028307293421e-01
9.1889147598956589e-01
1.0322073146149722e+00
1.1789492598998221e+00
1.3733034189990907e+00
1.6381511188789362e+00
5.0780628324170574e-01
5.1257812500000000e-01
5.2068200136400267e-01
5.3235425372226053e-01
5.4794720757070792e-01
5.6795360110803328e-01
5.9304286420450536e-01
6.2411414982164093e-01
6.6237392300193398e-01
7.0945069204152256e-01
7.6756760709102134e-01
8.3980800000000000e-01
9.3053518005540159e-01
1.0460778061224487e+00
1.1958920261333663e+00
1.3946221702625146e+00
1.6659551676254714e+00
5.1579681803441391e-01
5.2068200136400267e-01
5.2897959183673460e-01
5.4093355559620637e-01
5.5690776559963506e-01
5.7741145021162843e-01
6.0313702958919846e-01
6.3501550094517945e-01
6.7429760665972938e-01
7.2267409240640079e-01
7.8245702956127650e-01
8.5685950413223133e-01
9.5043911272068782e-01
1.0698245596155900e+00
1.2249527410207934e+00
1.4312729652530178e+00
1.7138938775510200e+00
5.2730428143389230e-01
5.3235425372226053e-01
5.4093355559620637e-01
5.5329735199865071e-01
5.6982648887634391e-01
5.9105445700644121e-01
6.1770754569874275e-01
6.5076373735369963e-01
6.9153922417910352e-01
7.4181694838600265e-01
8.0404103844577790e-01
8.8161784466541260e-01
9.7939534167720133e-01
1.1044524871643797e+00
1.2674510561488443e+00
1.4850611136260752e+00
1.7845625547178470e+00
5.4267428996805245e-01
5.4794720757070792e-01
5.5690776559963506e-01
5.6982648887634368e-01
5.8710752676144573e-01
6.0931772736375023e-01
6.3723002585924327e-01
6.7188725074484534e-01
7.1469615065154357e-01
7.6756760709102168e-01
8.3312963286297026e-01
9.1505877327940499e-01
1.0186108793106794e+00
1.1515008583384976e+00
1.3254210752253728e+00
1.5587909925829135e+00
1.8820323425006269e+00
5.6239000752703439e-01
5.6795360110803328e-01
5.7741145021162843e-01
5.9105445700644121e-01
6.0931772736375023e-01
6.3281250000000000e-01
6.6237392300193398e-01
6.9913154669934474e-01
7.4461361677678839e-01
8.0090332031250011e-01
8.7087742294083736e-01
9.5857988165680474e-01
1.0698245596155902e+00
1.2132026627218933e+00
1.4018388318009729e+00
1.6566090140133822e+00
2.0124030710540697e+00
5.8710752676144562e-01
5.9304286420450536e-01
6.0313702958919846e-01
6.1770754569874275e-01
6.3723002585924327e-01
6.6237392300193398e-01
6.9405619834710752e-01
7.3352083151366931e-01
7.8245702956127661e-01
8.4317733663720229e-01
9.1889147598956589e-01
1.0141383890834441e+00
1.1354894537587883e+00
1.2927362399867000e+00
1.5009865881209064e+00
1.7845625547178470e+00
2.1847242455775233e+00
6.1770754569874275e-01
6.2411414982164093e-01
6.3501550094517945e-01
6.5076373735369963e-01
6.7188725074484534e-01
6.9913154669934474e-01
7.3352083151366931e-01
7.7644970414201187e-01
8.2982028307293421e-01
8.9625025613004583e-01
9.7939534167720133e-01
1.0844628099173554e+00
1.2190564668311799e+00
1.3946221702625141e+00
1.6290376393727539e+00
1.9515169541939319e+00
2.4125481183567938e+00
6.5537089987389030e-01
6.6237392300193398e-01
6.7429760665972938e-01
6.9153922417910352e-01
7.1469615065154357e-01
7.4461361677678839e-01
7.8245702956127661e-01
8.2982028307293421e-01
8.8888888888888884e-01
9.6268954417691865e-01
1.0554807054233946e+00
1.1733816206428249e+00
1.3254210752253728e+00
1.5253594495826093e+00
1.7950138504155118e+00
2.1706971598722098e+00
2.7166295740386106e+00
7.0169012295753141e-01
7.0945069204152256e-01
7.2267409240640079e-01
7.4181694838600265e-01
7.6756760709102168e-01
8.0090332031250011e-01
8.4317733663720229e-01
8.9625025613004583e-01
9.6268954417691865e-01
1.0460778061224492e+00
1.1515008583384980e+00
1.2863444760317615e+00
1.4616439595937092e+00
1.6944731404958673e+00
2.0124030710540688e+00
2.4623756802401950e+00
3.1298281182451064e+00
7.5883705128019763e-01
7.6756760709102134e-01
7.8245702956127650e-01
8.0404103844577790e-01
8.3312963286297037e-01
8.7087742294083736e-01
9.1889147598956589e-01
9.7939534167720133e-01
1.0554807054233946e+00
1.1515008583384980e+00
1.2737023465747770e+00
1.4312729652530178e+00
1.6381511188789355e+00
1.9163023338596750e+00
2.3020042980571009e+00
2.8587846026061725e+00
3.7065179012781568e+00
8.2982028307293421e-01
8.3980800000000000e-01
8.5685950413223133e-01
8.8161784466541260e-01
9.1505877327940532e-01
9.5857988165680474e-01
1.0141383890834441e+00
1.0844628099173554e+00
1.1733816206428249e+00
1.2863444760317615e+00
1.4312729652530178e+00
1.6199999999999999e+00
1.8708130986856755e+00
2.2131894079946020e+00
2.6971904266389162e+00
3.4136316337148798e+00
4.5419578150351532e+00
9.1889147598956611e-01
9.3053518005540159e-01
9.5043911272068782e-01
9.7939534167720155e-01
1.0186108793106794e+00
1.0698245596155902e+00
1.1354894537587883e+00
1.2190564668311799e+00
1.3254210752253728e+00
1.4616439595937092e+00
1.6381511188789362e+00
1.8708130986856761e+00
2.1847242455775229e+00
2.6214835994955599e+00
3.2542625085250148e+00
4.2219228216935782e+00
5.8158448753462588e+00
1.0322073146149722e+00
1.0460778061224487e+00
1.0698245596155900e+00
1.1044524871643797e+00
1.1515008583384980e+00
1.2132026627218933e+00
1.2927362399867000e+00
1.3946221702625141e+00
1.5253594495826093e+00
1.6944731404958673e+00
1.9163023338596750e+00
2.2131894079946020e+00
2.6214835994955590e+00
3.2036132812499964e+00
4.0744435172427123e+00
5.4652228238234022e+00
7.9021415935865029e+00
1.1789492598998226e+00
1.1958920261333663e+00
1.2249527410207934e+00
1.2674510561488448e+00
1.3254210752253728e+00
1.4018388318009729e+00
1.5009865881209064e+00
1.6290376393727539e+00
1.7950138504155118e+00
2.0124030710540692e+00
2.3020042980571014e+00
2.6971904266389171e+00
3.2542625085250148e+00
4.0744435172427140e+00
5.3553719008264391e+00
7.5281293700025040e+00
1.1692581866785467e+01
1.3733034189990907e+00
1.3946221702625146e+00
1.4312729652530178e+00
1.4850611136260752e+00
1.5587909925829135e+00
1.6566090140133822e+00
1.7845625547178470e+00
1.9515169541939319e+00
2.1706971598722098e+00
2.4623756802401950e+00
2.8587846026061725e+00
3.4136316337148798e+00
4.2219228216935765e+00
5.4652228238234022e+00
7.5281293700025014e+00
1.1351211072664354e+01
1.9789989631444989e+01
1.6381511188789362e+00
1.6659551676254714e+00
1.7138938775510200e+00
1.7845625547178470e+00
1.8820323425006278e+00
2.0124030710540697e+00
2.1847242455775233e+00
2.4125481183567938e+00
2.7166295740386106e+00
3.1298281182451064e+00
3.7065179012781568e+00
4.5419578150351532e+00
5.8158448753462570e+00
7.9021415935865029e+00
1.1692581866785458e+01
1.9789989631444989e+01
4.2847346938775480e+01
];
