%Vec Object: u_cwb 1 MPI processes
%  type: seq
u_cwb = [
-1.4142135623730951e+00
-1.4086784586980805e+00
-1.3919410907075054e+00
-1.3635890143294642e+00
-1.3228756555322954e+00
-1.2686114456365274e+00
-1.1989578808281798e+00
-1.1110243021644486e+00
-1.0000000000000000e+00
-1.4086784586980805e+00
-1.4022088401443789e+00
-1.3849500994583768e+00
-1.3562139693214359e+00
-1.3152094402006098e+00
-1.2606878253763130e+00
-1.1908073749492605e+00
-1.1028517772230213e+00
-9.9215674164922152e-01
-1.3919410907075054e+00
-1.3849500994583770e+00
-1.3671191628302730e+00
-1.3378347578914871e+00
-1.2962020854845311e+00
-1.2409470906534621e+00
-1.1701291569588272e+00
-1.0809766597856920e+00
-9.6824583655185426e-01
-1.3635890143294642e+00
-1.3562139693224817e+00
-1.3378347578914871e+00
-1.3077970658372862e+00
-1.2651999894263477e+00
-1.2086197560664538e+00
-1.1360009359123735e+00
-1.0441651246445594e+00
-9.2702481088695787e-01
-1.3228756555322954e+00
-1.3152094402006098e+00
-1.2962020854807588e+00
-1.2651999894263477e+00
-1.2211670976445343e+00
-1.1625794043695936e+00
-1.0869967544941797e+00
-9.9073438585468920e-01
-8.6602540378443860e-01
-1.2686114456365274e+00
-1.2606878253747960e+00
-1.2409470906534621e+00
-1.2086197560495491e+00
-1.1625794043695936e+00
-1.1009607709095146e+00
-1.0209192269109844e+00
-9.1764075560313940e-01
-7.8062474979979979e-01
-1.1989578808281798e+00
-1.1908073749492603e+00
-1.1701291569414558e+00
-1.1360009359123735e+00
-1.0869967544740873e+00
-1.0209192269109844e+00
-9.3393422653912150e-01
-8.1956596095045153e-01
-6.6143782776614768e-01
-1.1110243021644486e+00
-1.1028517772174484e+00
-1.0809766597856920e+00
-1.0441651246462951e+00
-9.9073438585468920e-01
-9.1764075560436809e-01
-8.1956596095045153e-01
-6.8549108375204726e-01
-4.8412291827592713e-01
-1.0000000000000000e+00
-9.9215674164922152e-01
-9.6824583655185426e-01
-9.2702481088695787e-01
-8.6602540378443860e-01
-7.8062474979979979e-01
-6.6143782776614768e-01
-4.8412291827592713e-01
-0.0000000000000000e+00
];
