%Vec Object: u_cwb 1 MPI processes
%  type: seq
u_cwb = [
-1.4142135623730951e+00
-1.3919410907075054e+00
-1.3228756555322954e+00
-1.1989578808281798e+00
-1.0000000000000000e+00
-1.3919410907075054e+00
-1.3653030998503051e+00
-1.2939954199541459e+00
-1.1689250543787761e+00
-9.6824583655185426e-01
-1.3228756555322954e+00
-1.2922289370661659e+00
-1.2151015059139316e+00
-1.0803194799311528e+00
-8.6602540378443860e-01
-1.1989578808281798e+00
-1.1652100987805809e+00
-1.0782079842386367e+00
-9.2073729789967684e-01
-6.6143782776614768e-01
-1.0000000000000000e+00
-9.6824583655185426e-01
-8.6602540378443860e-01
-6.6143782776614768e-01
-0.0000000000000000e+00
];
