%Vec Object: rhs 1 MPI processes
%  type: seq
rhs = [
1.6150230988968691e+01
1.3888646785330517e+01
1.2045772491290498e+01
1.0538882767786914e+01
9.3033040830700280e+00
8.2882930511916761e+00
7.4539158716748615e+00
6.7686773636949491e+00
6.2077142473031381e+00
5.7514156210129945e+00
5.3843690270749320e+00
5.0945566582505464e+00
4.8727457092672619e+00
4.7120314663287584e+00
4.6075028092533632e+00
4.5560083674210379e+00
4.5560083674210379e+00
4.6075028092533632e+00
4.7120314663287584e+00
4.8727457092672619e+00
5.0945566582505464e+00
5.3843690270749329e+00
5.7514156210129945e+00
6.2077142473031381e+00
6.7686773636949491e+00
7.4539158716748615e+00
8.2882930511916797e+00
9.3033040830700280e+00
1.0538882767786914e+01
1.2045772491290505e+01
1.3888646785330524e+01
1.6150230988968691e+01
1.3888646785330515e+01
1.1923183447676060e+01
1.0323056532354924e+01
9.0158265999900546e+00
7.9448968244614839e+00
7.0658885544143351e+00
6.3438984786350350e+00
5.7514156210129919e+00
5.2667347882411057e+00
4.8727457092672610e+00
4.5560083674210370e+00
4.3060480943756190e+00
4.1148211374985424e+00
3.9763142664549904e+00
3.8862517435014818e+00
3.8418905226142637e+00
3.8418905226142637e+00
3.8862517435014818e+00
3.9763142664549913e+00
4.1148211374985424e+00
4.3060480943756190e+00
4.5560083674210379e+00
4.8727457092672619e+00
5.2667347882411057e+00
5.7514156210129919e+00
6.3438984786350350e+00
7.0658885544143377e+00
7.9448968244614839e+00
9.0158265999900546e+00
1.0323056532354931e+01
1.1923183447676063e+01
1.3888646785330515e+01
1.2045772491290501e+01
1.0323056532354924e+01
8.9218143399923910e+00
7.7780795589322489e+00
6.8419058031396638e+00
6.0741530193547453e+00
5.4440566226197769e+00
4.9273822439760906e+00
4.5050208972820451e+00
4.1619172825206032e+00
3.8862517435014809e+00
3.6688169045866750e+00
3.5025452442381133e+00
3.3821552813389379e+00
3.3038927149131516e+00
3.2653495503649146e+00
3.2653495503649146e+00
3.3038927149131516e+00
3.3821552813389384e+00
3.5025452442381133e+00
3.6688169045866750e+00
3.8862517435014818e+00
4.1619172825206032e+00
4.5050208972820451e+00
4.9273822439760906e+00
5.4440566226197769e+00
6.0741530193547453e+00
6.8419058031396638e+00
7.7780795589322489e+00
8.9218143399923964e+00
1.0323056532354926e+01
1.2045772491290501e+01
1.0538882767786914e+01
9.0158265999900546e+00
7.7780795589322489e+00
6.7686773636949455e+00
5.9431672512295224e+00
5.2667347882411049e+00
4.7120314663287566e+00
4.2575263591476826e+00
3.8862517435014818e+00
3.5848465876401643e+00
3.3428267357817374e+00
3.1520289977438889e+00
3.0061900009330045e+00
2.9006308883129033e+00
2.8320267031668784e+00
2.7982452905264616e+00
2.7982452905264616e+00
2.8320267031668784e+00
2.9006308883129037e+00
3.0061900009330045e+00
3.1520289977438889e+00
3.3428267357817383e+00
3.5848465876401643e+00
3.8862517435014818e+00
4.2575263591476826e+00
4.7120314663287566e+00
5.2667347882411057e+00
5.9431672512295224e+00
6.7686773636949455e+00
7.7780795589322524e+00
9.0158265999900582e+00
1.0538882767786914e+01
9.3033040830700280e+00
7.9448968244614839e+00
6.8419058031396638e+00
5.9431672512295206e+00
5.2087775448770568e+00
4.6075028092533632e+00
4.1148211374985424e+00
3.7114377109709387e+00
3.3821552813389393e+00
3.1150132218898374e+00
2.9006308883129042e+00
2.7317076392274555e+00
2.6026441966434843e+00
2.5092592617221401e+00
2.4485823038660932e+00
2.4187088455324406e+00
2.4187088455324406e+00
2.4485823038660932e+00
2.5092592617221401e+00
2.6026441966434843e+00
2.7317076392274555e+00
2.9006308883129046e+00
3.1150132218898374e+00
3.3821552813389393e+00
3.7114377109709387e+00
4.1148211374985424e+00
4.6075028092533650e+00
5.2087775448770568e+00
5.9431672512295206e+00
6.8419058031396647e+00
7.9448968244614875e+00
9.3033040830700280e+00
8.2882930511916761e+00
7.0658885544143368e+00
6.0741530193547444e+00
5.2667347882411049e+00
4.6075028092533632e+00
4.0681914503018763e+00
3.6266211765622094e+00
3.2653495503649150e+00
2.9706454751472013e+00
2.7317076392274555e+00
2.5400686539624222e+00
2.3891415163089929e+00
2.2738762575445439e+00
2.1905030496888767e+00
2.1363444156933751e+00
2.1096841072078631e+00
2.1096841072078631e+00
2.1363444156933751e+00
2.1905030496888771e+00
2.2738762575445439e+00
2.3891415163089929e+00
2.5400686539624222e+00
2.7317076392274555e+00
2.9706454751472013e+00
3.2653495503649150e+00
3.6266211765622094e+00
4.0681914503018781e+00
4.6075028092533632e+00
5.2667347882411049e+00
6.0741530193547479e+00
7.0658885544143395e+00
8.2882930511916761e+00
7.4539158716748606e+00
6.3438984786350350e+00
5.4440566226197769e+00
4.7120314663287566e+00
4.1148211374985424e+00
3.6266211765622089e+00
3.2271936063329556e+00
2.9006308883129033e+00
2.6344164006040467e+00
2.4187088455324401e+00
2.2457968723207853e+00
2.1096841072078631e+00
2.0057751004977034e+00
1.9306404225334275e+00
1.8818449922145213e+00
1.8578282344416586e+00
1.8578282344416586e+00
1.8818449922145213e+00
1.9306404225334275e+00
2.0057751004977034e+00
2.1096841072078631e+00
2.2457968723207853e+00
2.4187088455324401e+00
2.6344164006040467e+00
2.9006308883129033e+00
3.2271936063329556e+00
3.6266211765622098e+00
4.1148211374985424e+00
4.7120314663287566e+00
5.4440566226197804e+00
6.3438984786350368e+00
7.4539158716748606e+00
6.7686773636949491e+00
5.7514156210129919e+00
4.9273822439760906e+00
4.2575263591476826e+00
3.7114377109709387e+00
3.2653495503649150e+00
2.9006308883129037e+00
2.6026441966434843e+00
2.3598774352845466e+00
2.1632831775775720e+00
2.0057751004977038e+00
1.8818449922145219e+00
1.7872729861018293e+00
1.7189108815637024e+00
1.6745238291461002e+00
1.6526798337192179e+00
1.6526798337192179e+00
1.6745238291461002e+00
1.7189108815637024e+00
1.7872729861018293e+00
1.8818449922145219e+00
2.0057751004977038e+00
2.1632831775775720e+00
2.3598774352845466e+00
2.6026441966434843e+00
2.9006308883129037e+00
3.2653495503649159e+00
3.7114377109709387e+00
4.2575263591476826e+00
4.9273822439760933e+00
5.7514156210129928e+00
6.7686773636949491e+00
6.2077142473031381e+00
5.2667347882411057e+00
4.5050208972820451e+00
3.8862517435014818e+00
3.3821552813389393e+00
2.9706454751472013e+00
2.6344164006040467e+00
2.3598774352845466e+00
2.1363444156933755e+00
1.9554239722966089e+00
1.8105446047448535e+00
1.6966000991971479e+00
1.6096798167634137e+00
1.5468670604831696e+00
1.5060917857592966e+00
1.4860278171057077e+00
1.4860278171057077e+00
1.5060917857592966e+00
1.5468670604831696e+00
1.6096798167634137e+00
1.6966000991971479e+00
1.8105446047448537e+00
1.9554239722966091e+00
2.1363444156933755e+00
2.3598774352845466e+00
2.6344164006040467e+00
2.9706454751472018e+00
3.3821552813389393e+00
3.8862517435014818e+00
4.5050208972820478e+00
5.2667347882411066e+00
6.2077142473031381e+00
5.7514156210129928e+00
4.8727457092672610e+00
4.1619172825206032e+00
3.5848465876401643e+00
3.1150132218898374e+00
2.7317076392274555e+00
2.4187088455324401e+00
2.1632831775775720e+00
1.9554239722966089e+00
1.7872729861018293e+00
1.6526798337192179e+00
1.5468670604831696e+00
1.4661768717762296e+00
1.4078818331842828e+00
1.3700466170369989e+00
1.3514315403120090e+00
1.3514315403120090e+00
1.3700466170369989e+00
1.4078818331842828e+00
1.4661768717762296e+00
1.5468670604831696e+00
1.6526798337192181e+00
1.7872729861018293e+00
1.9554239722966089e+00
2.1632831775775720e+00
2.4187088455324401e+00
2.7317076392274560e+00
3.1150132218898374e+00
3.5848465876401643e+00
4.1619172825206059e+00
4.8727457092672619e+00
5.7514156210129928e+00
5.3843690270749320e+00
4.5560083674210370e+00
3.8862517435014809e+00
3.3428267357817374e+00
2.9006308883129042e+00
2.5400686539624222e+00
2.2457968723207853e+00
2.0057751004977038e+00
1.8105446047448535e+00
1.6526798337192179e+00
1.5263708398909450e+00
1.4271058956331999e+00
1.3514315403120090e+00
1.2967732692587213e+00
1.2613045978988411e+00
1.2438557181261058e+00
1.2438557181261058e+00
1.2613045978988411e+00
1.2967732692587213e+00
1.3514315403120090e+00
1.4271058956331999e+00
1.5263708398909450e+00
1.6526798337192181e+00
1.8105446047448535e+00
2.0057751004977038e+00
