%Vec Object: u_cnb 1 MPI processes
%  type: seq
u_cnb = [
-1.3653030998503051e+00
-1.2939954199541459e+00
-1.1689250543787761e+00
-1.2922289370661659e+00
-1.2151015059139316e+00
-1.0803194799311528e+00
-1.1652100987805809e+00
-1.0782079842386367e+00
-9.2073729789967684e-01
];
