%Vec Object: rhs 1 MPI processes
%  type: seq
rhs = [
3.5336251223074862e+00
2.0885545766977782e+00
2.0885545766977782e+00
3.5336251223074879e+00
2.0885545766977782e+00
1.1699500330889552e+00
1.1699500330889554e+00
2.0885545766977787e+00
2.0885545766977782e+00
1.1699500330889554e+00
1.1699500330889554e+00
2.0885545766977791e+00
3.5336251223074875e+00
2.0885545766977787e+00
2.0885545766977791e+00
3.5336251223074879e+00
];
