%Vec Object: u 1 MPI processes
%  type: seq
u = [
1.1301299214946789e+00
1.3304549587743772e+00
1.3378869967187541e+00
1.5783077090481816e+00
];
