%Vec Object: u_exact 1 MPI processes
%  type: seq
u_exact = [
1.1175190687418637e+00
1.3201927884341202e+00
1.3201927884341202e+00
1.5596234976067807e+00
];
