%Vec Object: u 1 MPI processes
%  type: seq
u = [
1.0000000000000000e+00
1.0571277447602365e+00
1.2488488690016821e+00
1.6487212707001282e+00
1.0571277447602365e+00
1.1295200364561897e+00
1.3340953162052245e+00
1.7429089986334578e+00
1.2488488690016821e+00
1.3340953162052249e+00
1.5789150234269471e+00
2.0590036942128713e+00
1.6487212707001282e+00
1.7429089986334578e+00
2.0590036942128713e+00
2.7182818284590451e+00
];
