%Vec Object: u 2 MPI processes
%  type: mpi
u = [
1.0000000000000000e+00
1.0280333007788356e+00
1.0599957770281434e+00
1.0959566542368278e+00
1.1360328174762644e+00
1.1803911188815908e+00
1.2292516969067240e+00
1.2773804231267953e+00
1.3367406399617636e+00
1.4028039305797375e+00
1.4762680271824020e+00
1.5579339601761810e+00
1.6487212707001282e+00
];
