%Vec Object: u_exact 1 MPI processes
%  type: seq
u_exact = [
1.0000000000000000e+00
1.0571277447602365e+00
1.2488488690016821e+00
1.6487212707001282e+00
1.0571277447602365e+00
1.1175190687418637e+00
1.3201927884341202e+00
1.7429089986334578e+00
1.2488488690016821e+00
1.3201927884341202e+00
1.5596234976067807e+00
2.0590036942128713e+00
1.6487212707001282e+00
1.7429089986334578e+00
2.0590036942128713e+00
2.7182818284590451e+00
];
