%Vec Object: u_initial 1 MPI processes
%  type: seq
u_initial = [
5.3399762680669427e-01
5.3270698226170199e-01
5.3055233950793512e-01
5.2752829432724602e-01
5.2362717609452358e-01
5.1883893869160225e-01
5.1315101369378391e-01
5.0654812030773810e-01
4.9901202456347271e-01
4.9052123770867528e-01
4.8105064036980305e-01
4.7057101446404104e-01
4.5904845852223464e-01
4.4644365317941614e-01
4.3271093080219047e-01
4.1779708446547181e-01
4.0163982334212645e-01
3.8416573824654410e-01
3.6528757249077859e-01
3.4490048111941130e-01
3.2287677155938244e-01
2.9905828260706457e-01
2.7324493376696435e-01
2.4517674368632913e-01
2.1450399859566416e-01
1.8073416324214919e-01
1.4312818121024218e-01
1.0046967953147845e-01
6.8673491421643362e-02
1.6879755012816799e-02
5.3270698226170199e-01
4.8109157113249046e-01
4.7900874980384944e-01
4.7608550612918299e-01
4.7231442517088473e-01
4.6768579568139390e-01
4.6218746818350309e-01
4.5580467124365909e-01
4.4851977869086868e-01
4.4031201806456510e-01
4.3115710730365497e-01
4.2102680226141820e-01
4.0988833151767234e-01
3.9770368635294762e-01
3.8442872138829587e-01
3.7001200326280170e-01
3.5439331751023395e-01
3.3750170191783779e-01
3.1925280835393133e-01
2.9954528669494318e-01
2.7825570078691519e-01
2.5523116146634084e-01
2.3027825758757781e-01
2.0314567384296323e-01
1.7349535358865376e-01
1.4085117941358927e-01
1.1473600946267237e-01
9.9480392278472385e-02
6.9492208633014307e-02
1.7726703852166237e-02
5.3055233950793557e-01
4.7900874980384944e-01
4.2729282099289712e-01
4.2447037882425420e-01
4.2082933514037968e-01
4.1636031356431979e-01
4.1105158356635629e-01
4.0488888307271342e-01
3.9785519371139888e-01
3.8993045931358805e-01
3.8109123513064069e-01
3.7131025095192938e-01
3.6055586540624340e-01
3.4879138041961288e-01
3.3597417286753550e-01
3.2205458295326495e-01
3.0697447257147570e-01
2.9066532648226573e-01
2.7304570511021786e-01
2.5401775316360842e-01
2.3346229090758130e-01
2.1123170121875090e-01
1.8713924230132462e-01
1.6094226489273156e-01
1.3231436947477759e-01
1.1961916436202702e-01
1.1600656758943195e-01
1.0079800811363016e-01
7.0856882176570490e-02
1.9138435104121054e-02
5.2752829432724646e-01
4.7608550612918299e-01
4.2447037882425409e-01
3.7282320232571664e-01
3.6931219591626663e-01
3.6500278225363703e-01
3.5988364975560083e-01
3.5394104570815998e-01
3.4715855953832064e-01
3.3951685136900323e-01
3.3099331376401797e-01
3.2156165044883256e-01
3.1119135010120624e-01
2.9984702529267016e-01
2.8748757515316692e-01
2.7406511345011975e-01
2.5952357843910923e-01
2.4379690185308522e-01
2.2680655267289596e-01
2.0845817043866544e-01
1.8863683183463964e-01
1.6720019177755319e-01
1.4396817782146343e-01
1.1870680674889167e-01
1.1515177693943834e-01
1.2133231966051827e-01
1.1778561347632643e-01
1.0264294458892853e-01
7.2767709240272538e-02
2.1115152756226330e-02
5.2362717609452358e-01
4.7231442517088473e-01
4.2082933514037935e-01
3.6931219591626629e-01
3.1790307214700519e-01
3.1375326639780676e-01
3.0882373139969765e-01
3.0310122379845794e-01
2.9656994082009447e-01
2.8921125887927002e-01
2.8100340785224753e-01
2.7192106540058714e-01
2.6193485025102137e-01
2.5101068562057882e-01
2.3910899289364973e-01
2.2618365940182705e-01
2.1218069976159437e-01
1.9703649267875634e-01
1.8067541569042633e-01
1.6300660316857474e-01
1.4391938821654959e-01
1.2327669779120709e-01
1.0090512879645386e-01
1.0257068587958229e-01
1.1727006594881617e-01
1.2353534023027080e-01
1.2007336560645432e-01
1.0501542827943133e-01
7.5224924491150480e-02
2.3657099567479634e-02
5.1883893869160225e-01
4.6768579568139390e-01
4.1636031356431968e-01
3.6500278225363714e-01
3.1375326639780676e-01
2.6275256933942237e-01
2.5801263184124057e-01
2.5251022068620266e-01
2.4623014089931439e-01
2.3915448518698357e-01
2.3126232073792319e-01
2.2252929914978803e-01
2.1292716919828303e-01
2.0242316474593403e-01
1.9097922943157930e-01
1.7855102415098068e-01
1.6508663988152583e-01
1.5052490230187399e-01
1.3479309750540280e-01
1.1780385469593035e-01
9.9450763395906305e-02
7.9602022602307532e-02
8.2798759927481091e-02
1.0505661522708287e-01
1.1985957568579586e-01
1.2622843035673004e-01
1.2287003612239245e-01
1.0791567918484879e-01
7.8228755786047044e-02
2.6764511251855083e-02
5.1315101369378391e-01
4.6218746818350309e-01
4.1105158356635618e-01
3.5988364975560072e-01
3.0882373139969765e-01
2.5801263184124057e-01
2.0759288967955003e-01
2.0231057497071370e-01
1.9628169837530085e-01
1.8948906889146322e-01
1.8191259102036517e-01
1.7352889029575569e-01
1.6431084554231035e-01
1.5422700126805577e-01
1.4324082336627497e-01
1.3130974629690018e-01
1.1838393739822384e-01
1.0440466932175796e-01
8.9302136717145597e-02
7.2992463620051851e-02
5.5373495972028897e-02
5.6566099673404313e-02
8.5614758620410125e-02
1.0799504864579168e-01
1.2292044383028422e-01
1.2941173322699817e-01
1.2617577371843991e-01
1.1134385150667581e-01
8.1779362833653613e-02
3.0437553025241204e-02
5.0654812030773855e-01
4.5580467124365909e-01
4.0488888307271331e-01
3.5394104570815987e-01
3.0310122379845839e-01
2.5251022068620266e-01
2.0231057497071359e-01
1.5264761619007394e-01
1.4686994278613719e-01
1.4036033953079252e-01
1.3309954823765724e-01
1.2506516837657300e-01
1.1623120882118798e-01
1.0656752472502717e-01
9.6039104235820738e-02
8.4605155377669772e-02
7.2217921849771716e-02
5.8821123276492027e-02
4.4347862863738485e-02
2.8717759479023441e-02
2.4474288791540344e-02
5.9674466160247075e-02
8.8864414493019073e-02
1.1138599390416615e-01
1.2645267847442421e-01
1.3308525725690323e-01
1.2999058713411116e-01
1.1529995430811235e-01
8.5876755020855899e-02
3.4676234598209232e-02
4.9901202456347271e-01
4.4851977869086868e-01
3.9785519371139877e-01
3.4715855953832053e-01
2.9656994082009447e-01
2.4623014089931439e-01
1.9628169837530096e-01
1.4686994278613719e-01
9.8144139713522982e-02
9.1917562686671950e-02
8.4972457971498772e-02
7.7287398973939769e-02
6.8837524616615076e-02
5.9594000698548255e-02
4.9523337621915964e-02
3.8586516974989160e-02
2.6737858817869165e-02
1.3923529747775443e-02
7.9541526880833047e-05
-1.2966079423668564e-02
2.7837133303852069e-02
6.3197446125525802e-02
9.2547529911265247e-02
1.1522924477537910e-01
1.3045606479860439e-01
1.3724877903405108e-01
1.3431424436422579e-01
1.1978374699119421e-01
9.0520683156904980e-02
3.9480298187225538e-02
4.9052123770867528e-01
4.4031201806456466e-01
3.8993045931358794e-01
3.3951685136900289e-01
2.8921125887927002e-01
2.3915448518698335e-01
1.8948906889146311e-01
1.4036033953079252e-01
9.1917562686671728e-02
4.4315210524879967e-02
3.7685792387669115e-02
3.0350054253635683e-02
2.2284265094371425e-02
1.3460901354398369e-02
3.8479956903402224e-03
-6.5916967453624187e-03
-1.7901779531704576e-02
-3.0133639098612108e-02
-4.3348355127648008e-02
-9.3868968125228047e-03
3.1595275045555038e-02
6.7134546997786204e-02
9.6663589914082415e-02
1.1952426390875392e-01
1.3493004306253642e-01
1.4190171642854033e-01
1.3914614088927246e-01
1.2479460264679831e-01
9.5710497943066075e-02
4.4849072103944065e-02
4.8105064036980305e-01
4.3115710730365497e-01
3.8109123513064058e-01
3.3099331376401786e-01
2.8100340785224753e-01
2.3126232073792319e-01
1.8191259102036528e-01
1.3309954823765724e-01
8.4972457971498772e-02
3.7685792387669448e-02
-8.5993295295843097e-03
-1.5585746800092282e-02
-2.3267450761296327e-02
-3.1670654323175507e-02
-4.0825802574659398e-02
-5.0768366799138209e-02
-6.1539874214702084e-02
-7.3189264278423649e-02
-5.1554749658729637e-02
-5.4320917232710819e-03
3.5747820389269158e-02
7.1484832595962944e-02
1.0121161576672155e-01
1.2427003001585590e-01
1.3987354942410080e-01
1.4704296304456732e-01
1.4448512775976208e-01
1.3033132977175055e-01
1.0144496532248093e-01
5.0781279737821317e-02
4.7057101446404104e-01
4.2102680226141820e-01
3.7131025095192927e-01
3.2156165044883200e-01
2.7192106540058714e-01
2.2252929914978803e-01
1.7352889029575558e-01
1.2506516837657300e-01
7.7287398973939769e-02
3.0350054253636016e-02
-1.5585746800092282e-02
-6.0350572480717068e-02
-6.7648191243860900e-02
-7.5631234627646204e-02
