%Vec Object: u_cwb 1 MPI processes
%  type: seq
u_cwb = [
2.7182818284590451e+00
1.7429089986334578e+00
1.7429089986334578e+00
2.7182818284590451e+00
1.7429089986334578e+00
1.3043328269688539e+00
1.3043328269688539e+00
1.7429089986334578e+00
1.7429089986334578e+00
1.3043328269688539e+00
1.3043328269688537e+00
1.7429089986334578e+00
2.7182818284590451e+00
1.7429089986334578e+00
1.7429089986334578e+00
2.7182818284590451e+00
];
