%Vec Object: u_cwb 1 MPI processes
%  type: seq
u_cwb = [
-1.4142135623730951e+00
-1.4098419489388356e+00
-1.3966450099973928e+00
-1.3743685418725535e+00
-1.3425606637327303e+00
-1.3005222123021805e+00
-1.2472191289246470e+00
-1.1811273125260722e+00
-1.0999438818457405e+00
-1.0000000000000000e+00
-1.4098419489388356e+00
-1.4046732156121506e+00
-1.3909861973354580e+00
-1.3684353277477490e+00
-1.3365358391300934e+00
-1.2945845343043767e+00
-1.2415625778811761e+00
-1.1759445705319624e+00
-1.0952045308320721e+00
-9.9380798999990649e-01
-1.3966450099973928e+00
-1.3907982563343477e+00
-1.3765361339261626e+00
-1.3534953834650580e+00
-1.3211567405383688e+00
-1.2787877069380851e+00
-1.2253463769408608e+00
-1.1592712936805063e+00
-1.0778895209021331e+00
-9.7499604304356913e-01
-1.3743685418725535e+00
-1.3678934007338013e+00
-1.3529795295021589e+00
-1.3292409403143035e+00
-1.2961100596139608e+00
-1.2527971312129409e+00
-1.1982021155229869e+00
-1.1307134071015408e+00
-1.0476249800920472e+00
-9.4280904158206336e-01
-1.3425606637327303e+00
-1.3354883773576240e+00
-1.3198513579359894e+00
-1.2952103543939995e+00
-1.2609214578304750e+00
-1.2160993031546401e+00
-1.1595372707336609e+00
-1.0895442478911879e+00
-1.0034781292692985e+00
-8.9580641647761661e-01
-1.3005222123021805e+00
-1.2929069277123859e+00
-1.2764936366323247e+00
-1.2507502712975682e+00
-1.2149173046238351e+00
-1.1679587723377409e+00
-1.1084769793775024e+00
-1.0346040694992185e+00
-9.4378830187583895e-01
-8.3147941928309810e-01
-1.2472191289246470e+00
-1.2391849104370001e+00
-1.2219835342389884e+00
-1.1949467520753170e+00
-1.1571540188991809e+00
-1.1073442475200830e+00
-1.0437801497824930e+00
-9.6414872605729407e-01
-8.6575695923849549e-01
-7.4535599249992990e-01
-1.1811273125260722e+00
-1.1729398128363022e+00
-1.1550119566221668e+00
-1.1265000353070909e+00
-1.0862836341618576e+00
-1.0327873592140748e+00
-9.6370113267094304e-01
-8.7565495587415043e-01
-7.6461008579069112e-01
-6.2853936105470909e-01
-1.0999438818457405e+00
-1.0921513054701586e+00
-1.0736657605667856e+00
-1.0434818606280638e+00
-1.0002785178634155e+00
-9.4207331695670948e-01
-8.6567452791826094e-01
-7.6560087825017531e-01
-6.3231088055297224e-01
-4.5812284729085123e-01
-1.0000000000000000e+00
-9.9380798999990649e-01
-9.7499604304356913e-01
-9.4280904158206336e-01
-8.9580641647761661e-01
-8.3147941928309810e-01
-7.4535599249992990e-01
-6.2853936105470909e-01
-4.5812284729085123e-01
-0.0000000000000000e+00
];
