%Vec Object: u_interp 1 MPI processes
%  type: seq
u_interp = [
-1.4142135623730951e+00
-1.4120277556559655e+00
-1.4098419489388356e+00
-1.4032434794681143e+00
-1.3966450099973928e+00
-1.3855067759349731e+00
-1.3743685418725535e+00
-1.3584646028026419e+00
-1.3425606637327303e+00
-1.3215414380174555e+00
-1.3005222123021805e+00
-1.2738706706134137e+00
-1.2472191289246470e+00
-1.2141732207253595e+00
-1.1811273125260722e+00
-1.1405355971859064e+00
-1.0999438818457405e+00
-1.0499719409228703e+00
-1.0000000000000000e+00
-1.4120277556559655e+00
-1.4096426689657293e+00
-1.4072575822754931e+00
-1.4005365929709592e+00
-1.3938156036664253e+00
-1.3826087692382882e+00
-1.3714019348101512e+00
-1.3554750931207815e+00
-1.3395482514314119e+00
-1.3185508123673453e+00
-1.2975533733032787e+00
-1.2709721133530951e+00
-1.2443908534029116e+00
-1.2114633974659643e+00
-1.1785359415290173e+00
-1.1380550739339619e+00
-1.0975742063389062e+00
-1.0472391006694297e+00
-9.9690399499995319e-01
-1.4098419489388356e+00
-1.4072575822754931e+00
-1.4046732156121506e+00
-1.3978297064738043e+00
-1.3909861973354580e+00
-1.3797107625416034e+00
-1.3684353277477490e+00
-1.3524855834389213e+00
-1.3365358391300934e+00
-1.3155601867172351e+00
-1.2945845343043767e+00
-1.2680735560927765e+00
-1.2415625778811761e+00
-1.2087535742065691e+00
-1.1759445705319624e+00
-1.1355745506820174e+00
-1.0952045308320721e+00
-1.0445062604159894e+00
-9.9380798999990649e-01
-1.4032434794681143e+00
-1.4004896077206817e+00
-1.3977357359732492e+00
-1.3907484508020298e+00
-1.3837611656308102e+00
-1.3723632606186067e+00
-1.3609653556064036e+00
-1.3449058227203174e+00
-1.3288462898342313e+00
-1.3077662052277310e+00
-1.2866861206212308e+00
-1.2600702990161248e+00
-1.2334544774110183e+00
-1.2005312047586263e+00
-1.1676079321062343e+00
-1.1270774789866684e+00
-1.0865470258671026e+00
-1.0354745211944203e+00
-9.8440201652173775e-01
-1.3966450099973928e+00
-1.3937216331658702e+00
-1.3907982563343477e+00
-1.3836671951302550e+00
-1.3765361339261626e+00
-1.3650157586956104e+00
-1.3534953834650580e+00
-1.3373260620017136e+00
-1.3211567405383688e+00
-1.2999722237382270e+00
-1.2787877069380851e+00
-1.2520670419394730e+00
-1.2253463769408608e+00
-1.1923088353106834e+00
-1.1592712936805063e+00
-1.1185804072913197e+00
-1.0778895209021331e+00
-1.0264427819728512e+00
-9.7499604304356913e-01
-1.3855067759349731e+00
-1.3824263022345238e+00
-1.3793458285340745e+00
-1.3720518301241176e+00
-1.3647578317141607e+00
-1.3530629968019208e+00
-1.3413681618896809e+00
-1.3250007809829227e+00
-1.3086334000761648e+00
-1.2872129095758389e+00
-1.2657924190755130e+00
-1.2387833326537185e+00
-1.2117742462319239e+00
-1.1783832983114737e+00
-1.1449923503910235e+00
-1.1038748004440568e+00
-1.0627572504970901e+00
-1.0108298964049534e+00
-9.5890254231281624e-01
-1.3743685418725535e+00
-1.3711309713031774e+00
-1.3678934007338013e+00
-1.3604364651179801e+00
-1.3529795295021589e+00
-1.3411102349082311e+00
-1.3292409403143035e+00
-1.3126754999641321e+00
-1.2961100596139608e+00
-1.2744535954134508e+00
-1.2527971312129409e+00
-1.2254996233679640e+00
-1.1982021155229869e+00
-1.1644577613122640e+00
-1.1307134071015408e+00
-1.0891691935967940e+00
-1.0476249800920472e+00
-9.9521701083705527e-01
-9.4280904158206336e-01
-1.3584646028026419e+00
-1.3550777459241772e+00
-1.3516908890457127e+00
-1.3440531663823934e+00
-1.3364154437190741e+00
-1.3243205455366127e+00
-1.3122256473541514e+00
-1.2953707030381847e+00
-1.2785157587222180e+00
-1.2564819879530043e+00
-1.2344482171837905e+00
-1.2066589551560571e+00
-1.1788696931283238e+00
-1.1444992603123441e+00
-1.1101288274963643e+00
-1.0678401910885187e+00
-1.0255515546806728e+00
-9.7242964185525638e-01
-9.1930772902983993e-01
-1.3425606637327303e+00
-1.3390245205451772e+00
-1.3354883773576240e+00
-1.3276698676468066e+00
-1.3198513579359894e+00
-1.3075308561649943e+00
-1.2952103543939995e+00
-1.2780659061122372e+00
-1.2609214578304750e+00
-1.2385103804925577e+00
-1.2160993031546401e+00
-1.1878182869441505e+00
-1.1595372707336609e+00
-1.1245407593124244e+00
-1.0895442478911879e+00
-1.0465111885802432e+00
-1.0034781292692985e+00
-9.4964227287345748e-01
-8.9580641647761661e-01
-1.3215414380174555e+00
-1.3178695452762303e+00
-1.3141976525350050e+00
-1.3061850749095809e+00
-1.2981724972841571e+00
-1.2855764050649705e+00
-1.2729803128457839e+00
-1.2554498470364694e+00
-1.2379193812271549e+00
-1.2149742094866729e+00
-1.1920290377461904e+00
-1.1630180814008861e+00
-1.1340071250555817e+00
-1.0980406418753925e+00
-1.0620741586952032e+00
-1.0178536871338859e+00
-9.7363321557256866e-01
-9.1863806672646309e-01
-8.6364291788035730e-01
-1.3005222123021805e+00
-1.2967145700072833e+00
-1.2929069277123859e+00
-1.2847002821723552e+00
-1.2764936366323247e+00
-1.2636219539649465e+00
-1.2507502712975682e+00
-1.2328337879607016e+00
-1.2149173046238351e+00
-1.1914380384807881e+00
-1.1679587723377409e+00
-1.1382178758576216e+00
-1.1084769793775024e+00
-1.0715405244383605e+00
-1.0346040694992185e+00
-9.8919618568752865e-01
-9.4378830187583895e-01
-8.8763386057946847e-01
-8.3147941928309810e-01
-1.2738706706134137e+00
-1.2699582948440535e+00
-1.2660459190746929e+00
-1.2576422522551747e+00
-1.2492385854356565e+00
-1.2360435485610495e+00
-1.2228485116864425e+00
-1.2044420867239753e+00
-1.1860356617615080e+00
-1.1618435858452101e+00
-1.1376515099289120e+00
-1.1068900372544548e+00
-1.0761285645799976e+00
-1.0377524811791270e+00
-9.9937639777825626e-01
-9.5207451416771172e-01
-9.0477263055716728e-01
-8.4659516822434056e-01
-7.8841770589151405e-01
-1.2472191289246470e+00
-1.2432020196808236e+00
-1.2391849104370001e+00
-1.2305842223379941e+00
-1.2219835342389884e+00
-1.2084651431571527e+00
-1.1949467520753170e+00
-1.1760503854872488e+00
-1.1571540188991809e+00
-1.1322491332096321e+00
-1.1073442475200830e+00
-1.0755621986512880e+00
-1.0437801497824930e+00
-1.0039644379198935e+00
-9.6414872605729407e-01
-9.1495284264789478e-01
-8.6575695923849549e-01
-8.0555647586921264e-01
-7.4535599249992990e-01
-1.2141732207253595e+00
-1.2101177911810055e+00
-1.2060623616366510e+00
-1.1972800535336143e+00
-1.1884977454305776e+00
-1.1746105695608908e+00
-1.1607233936912040e+00
-1.1412211101108616e+00
-1.1217188265305191e+00
-1.0958923149487991e+00
-1.0700658033670789e+00
-1.0369032222968984e+00
-1.0037406412267180e+00
-9.6182124109622014e-01
-9.1990184096572225e-01
-8.6754268174015781e-01
-8.1518352251459336e-01
-7.5106559964595643e-01
-6.8694767677731949e-01
-1.1811273125260722e+00
-1.1770335626811872e+00
-1.1729398128363022e+00
-1.1639758847292345e+00
-1.1550119566221668e+00
-1.1407559959646290e+00
-1.1265000353070909e+00
-1.1063918347344743e+00
-1.0862836341618576e+00
-1.0595354966879662e+00
-1.0327873592140748e+00
-9.9824424594250893e-01
-9.6370113267094304e-01
-9.1967804427254674e-01
-8.7565495587415043e-01
-8.2013252083242083e-01
-7.6461008579069112e-01
-6.9657472342270010e-01
-6.2853936105470909e-01
-1.1405355971859064e+00
-1.1365405781695683e+00
-1.1325455591532303e+00
-1.1234422088738534e+00
-1.1143388585944762e+00
-1.0996649032810268e+00
-1.0849909479675772e+00
-1.0641360119901071e+00
-1.0432810760126365e+00
-1.0153557070490145e+00
-9.8743033808539216e-01
-9.5105908418999707e-01
-9.1468783029460199e-01
-8.6765787367838243e-01
-8.2062791706216287e-01
-7.5954420011699730e-01
-6.9846048317183174e-01
-6.2089579367230585e-01
-5.4333110417278019e-01
-1.0999438818457405e+00
-1.0960475936579495e+00
-1.0921513054701586e+00
-1.0829085330184722e+00
-1.0736657605667856e+00
-1.0585738105974247e+00
-1.0434818606280638e+00
-1.0218801892457396e+00
-1.0002785178634155e+00
-9.7117591741006248e-01
-9.4207331695670948e-01
-9.0387392243748521e-01
-8.6567452791826094e-01
-8.1563770308421812e-01
-7.6560087825017531e-01
-6.9895587940157378e-01
-6.3231088055297224e-01
-5.4521686392191171e-01
-4.5812284729085123e-01
-1.0499719409228703e+00
-1.0464757943289513e+00
-1.0429796477350326e+00
-1.0336552747701049e+00
-1.0243309018051774e+00
-1.0087381764551204e+00
-9.9314545110506358e-01
