%Vec Object: u 2 MPI processes
%  type: mpi
u = [
1.0000000000000000e+00
1.0034782573689043e+00
1.0139857875915788e+00
1.0317434074991028e+00
1.0571277447602365e+00
1.0906845815407680e+00
1.1331484530668263e+00
1.1854694884270276e+00
1.2488488690016821e+00
1.3247847587288655e+00
1.4151311640235116e+00
1.5221729538481179e+00
1.6487212707001282e+00
1.0034782573689043e+00
1.0080964154832017e+00
1.0193644287470018e+00
1.0376588878220288e+00
1.0634252782705789e+00
1.0972396536369100e+00
1.1398463692822729e+00
1.1921926184351213e+00
1.2554692411343293e+00
1.3311651838329350e+00
1.4211482905133030e+00
1.5278104068147553e+00
1.6544559476092102e+00
1.0139857875915788e+00
1.0193644287477863e+00
1.0313396679725684e+00
1.0502758123538694e+00
1.0766359320970735e+00
1.1110117645507185e+00
1.1541557701236984e+00
1.2070161901907250e+00
1.2707803678024594e+00
1.3469346775684445e+00
1.4373581567798583e+00
1.5444964742266158e+00
1.6717799361898580e+00
1.0317434074991028e+00
1.0376588878199187e+00
1.0502758123494693e+00
1.0699275157014785e+00
1.0970704719794349e+00
1.1322991192496881e+00
1.1763698798532420e+00
1.2302331167352190e+00
1.2950758632524078e+00
1.3723827746093236e+00
1.4640319741908219e+00
1.5724668215282780e+00
1.7010573018484008e+00
1.0571277447602365e+00
1.0634252782646720e+00
1.0766359320877494e+00
1.0970704719720388e+00
1.1251745103451538e+00
1.1615399854759347e+00
1.2069250749772031e+00
1.2622830214809895e+00
1.3288023751163567e+00
1.4079649100150375e+00
1.5016350543988148e+00
1.6122115043604386e+00
1.7429089986334578e+00
1.0906845815407680e+00
1.0972396536243083e+00
1.1110117645305861e+00
1.1322991192298844e+00
1.1615399854632225e+00
1.1993246982344707e+00
1.2464144095481851e+00
1.3037677718033978e+00
1.3725778021134900e+00
1.4543237165102092e+00
1.5508478966811141e+00
1.6644786045475164e+00
1.7982348692109327e+00
1.1331484530668263e+00
1.1398463692576881e+00
1.1541557700847727e+00
1.1763698798136057e+00
1.2069250749450597e+00
1.2464144095289609e+00
1.2956066330689466e+00
1.3554715681090819e+00
1.4272132089612652e+00
1.5123133275891252e+00
1.6125918483097637e+00
1.7302970272447238e+00
1.8682459574322223e+00
1.1854694884270276e+00
1.1921926183910425e+00
1.2070161901153136e+00
1.2302331166487621e+00
1.2622830214004628e+00
1.3037677717417566e+00
1.3554715680768707e+00
1.4183856962875223e+00
1.4937378333673947e+00
1.5830259512585163e+00
1.6880587373735305e+00
1.8110104677425576e+00
1.9545087613356400e+00
1.2488488690016821e+00
1.2554692410432828e+00
1.2707803676494291e+00
1.2950758630906520e+00
1.3288023749767308e+00
1.3725778020161195e+00
1.4272132089062999e+00
1.4937378333443248e+00
1.5734252449500326e+00
1.6678169667541756e+00
1.7787394022643739e+00
1.9083164382772684e+00
2.0590036942128713e+00
1.3247847587288655e+00
1.3311651836327987e+00
1.3469346772186743e+00
1.3723827742973294e+00
1.4079649097839966e+00
1.4543237163644263e+00
1.5123133275149923e+00
1.5830259512400109e+00
1.6678169667703235e+00
1.7683201124528671e+00
1.8864385489664917e+00
2.0242993794006283e+00
2.1842008108156179e+00
1.4151311640235116e+00
1.4211482900456645e+00
1.4373581553095665e+00
1.4640319736103897e+00
1.5016350540867254e+00
1.5508478965139081e+00
1.6125918482451913e+00
1.6880587374213778e+00
1.7787394024707464e+00
1.8864385502321286e+00
2.0132480561048482e+00
2.1614271298175605e+00
2.3331568509561955e+00
1.5221729538481179e+00
1.5278104066660869e+00
1.5444964739639913e+00
1.5724668212959476e+00
1.6122115041991369e+00
1.6644786044560791e+00
1.7302970272182991e+00
1.8110104677783367e+00
1.9083164383923656e+00
2.0242993796357163e+00
2.1614271298808174e+00
2.3224120925288729e+00
2.5096389266938366e+00
1.6487212707001282e+00
1.6544559476092102e+00
1.6717799361898580e+00
1.7010573018484008e+00
1.7429089986334578e+00
1.7982348692109327e+00
1.8682459574322223e+00
1.9545087613356400e+00
2.0590036942128713e+00
2.1842008108156179e+00
2.3331568509561955e+00
2.5096389266938366e+00
2.7182818284590451e+00
];
