%Vec Object: u_exact 2 MPI processes
%  type: mpi
u_exact = [
1.0000000000000000e+00
1.0034782573689043e+00
1.0139857875915788e+00
1.0317434074991028e+00
1.0571277447602365e+00
1.0906845815407680e+00
1.1331484530668263e+00
1.1854694884270276e+00
1.2488488690016821e+00
1.3247847587288655e+00
1.4151311640235116e+00
1.5221729538481179e+00
1.6487212707001282e+00
];
